01048000  -69.9392   44.7072    514. 1197.28
01055500  -70.2303   44.2694    169. 1134.27
01060000  -70.1792   43.7992    141. 1180.24
01064500  -71.0914   43.9908    385. 1562.14
01076500  -71.6861   43.7592    622. 1253.12
01127000  -71.9850   41.5980    713. 1207.09
01138000  -71.9860   44.1540    395. 1042.10
01197500  -73.3550   42.2320    282. 1163.40
01200000  -73.5290   41.6590    203. 1087.43
01321000  -74.2708   43.3528    491. 1303.16
01329000  -73.1572   43.0772    152. 1233.69
01329500  -73.4319   43.1014    394. 1091.11
01334500  -73.3775   42.9386    510. 1113.08
01348000  -74.7411   43.0167    289. 1320.26
01361000  -73.7444   42.3306    329. 1045.10
01371500  -74.1660   41.6860    711. 1126.18
01372500  -73.8731   41.6531    181. 1076.82
01421000  -75.1744   41.9731    784. 1084.17
01423000  -75.1403   42.1661    332. 1052.91
01426500  -75.3839   42.0031    595. 1070.38
01445000  -74.7767   40.9811     31. 1128.78
01445500  -74.9786   40.8306    106. 1193.08
01500500  -75.3170   42.3210    982. 1037.67
01503000  -75.8033   42.0353   2232. 1028.31
01512500  -75.8486   42.2181   1483. 1023.09
01514000  -76.2708   42.1292    185.  970.18
01518000  -77.1297   41.9083    282.  878.63
01520000  -77.1403   41.9967    298.  876.51
01520500  -77.1325   42.0286    771.  851.23
01531000  -76.6350   42.0022   2506.  851.15
01534000  -75.8950   41.5583    383. 1012.35
01541000  -78.6772   40.8969    315. 1141.86
01541500  -78.4061   40.9717    371. 1069.74
01543500  -78.1033   41.3172    685. 1116.43
01548500  -77.4478   41.5217    604.  942.10
01556000  -78.2000   40.4631    291. 1066.13
01558000  -78.1408   40.6125    220. 1018.75
01559000  -78.0190   40.4850    816. 1019.27
01560000  -78.4928   40.0717    172. 1070.48
01562000  -78.2656   40.2158    756.  994.25
01567000  -77.1294   40.4783   3354. 1003.44
01574000  -76.7203   40.0822    510. 1023.37
01595000  -79.3072   39.3019     73. 1269.09
01606500  -79.1760   38.9910    642. 1053.34
01608500  -78.6544   39.4469   1471.  973.10
01610000  -78.4578   39.5369   3109.  987.33
01611500  -78.3094   39.5786    677.  926.06
01628500  -78.7550   38.3220   1084.  958.16
01631000  -78.2111   38.9139   1642.  951.87
01634000  -78.3364   38.9767    768.  926.13
01643000  -77.3800   39.3880    817. 1062.17
01649500  -76.9260   38.9600     73. 1078.52
01663500  -77.9653   38.5917    287. 1086.59
01664000  -77.8139   38.5306    620. 1063.47
01667500  -77.9753   38.3503    472. 1135.59
01668000  -77.5181   38.3222   1596. 1084.91
01672500  -77.5490   37.7970    394. 1089.77
01674500  -77.1630   37.8880    601. 1070.47
02016000  -79.7597   37.7917    461. 1061.19
02018000  -79.9117   37.6658    329. 1012.05
02030500  -78.3778   37.7028    226. 1102.26
02055000  -79.9389   37.2583    395.  992.66
02058400  -79.5250   36.9458    350. 1125.88
02083500  -77.5333   35.8939   2183. 1129.72
02102000  -79.1161   35.6272   1434. 1170.62
02116500  -80.3861   35.8567   2280. 1225.59
02118000  -80.6590   35.8450    306. 1256.65
02121000  -80.3972   35.7250   3470. 1217.45
02126000  -80.1758   35.1483   1372. 1172.97
02135000  -79.2472   34.0569   2790. 1192.46
02138500  -81.8903   35.7947     67. 1435.90
02143000  -81.4030   35.6840     83. 1278.51
02143040  -81.5672   35.5906     26. 1340.42
02143500  -81.2644   35.4222     69. 1263.96
02156500  -81.4222   34.5961   2790. 1319.29
02165000  -82.1764   34.4444    236. 1339.63
02174000  -80.8014   33.1764   1720. 1228.08
02192000  -82.7700   33.9742   1430. 1332.88
02202000  -81.8794   32.7106   1940. 1186.72
02202500  -81.4161   32.1914   2650. 1188.89
02217500  -83.4228   33.9467    398. 1384.69
02218500  -83.2728   33.5811   1090. 1335.82
02219500  -83.3494   33.6086    436. 1284.05
02228000  -81.8675   31.2211   2790. 1239.54
02236000  -81.3828   29.0081   3066. 1292.84
02273000  -80.9628   27.2256   2886. 1246.44
02296750  -81.8761   27.2219   1367. 1247.71
02329000  -84.3842   30.5539   1140. 1348.80
02339500  -85.1822   32.8861   3550. 1475.41
02347500  -84.2325   32.7214   1850. 1316.84
02349500  -84.0439   32.2981   2900. 1289.17
02365500  -85.8280   30.7760   3499. 1424.57
02375500  -87.2342   30.9650   3817. 1492.69
02383500  -84.8331   34.5642    831. 1527.57
02387000  -84.9280   34.6670    687. 1433.45
02387500  -84.9414   34.5783   1602. 1479.79
02414500  -85.5608   33.1167   1675. 1425.10
02437000  -88.5508   33.9853   1928. 1444.41
02448000  -88.5611   33.1022    768. 1421.47
02456500  -86.9833   33.7097    885. 1425.39
02472000  -89.4070   31.7070    743. 1491.61
02475000  -88.8080   31.1030   3495. 1502.31
02475500  -88.9097   32.3264    369. 1447.45
02478500  -88.5480   31.1480   2690. 1474.74
02479300  -88.7806   30.7361    441. 1612.77
02482000  -89.3350   32.7980    904. 1447.07
02486000  -90.1786   32.2817   3171. 1437.35
02492000  -89.8972   30.6292   1213. 1583.08
03010500  -78.3864   41.9633    550. 1072.74
03011020  -78.7156   42.1564   1608. 1077.83
03020500  -79.6956   41.4817    300. 1141.41
03024000  -79.9561   41.4375   1028. 1133.69
03032500  -79.3944   40.9944    528. 1107.24
03050500  -79.8790   38.9250    272. 1345.39
03051000  -79.9361   39.0292    408. 1315.68
03054500  -80.0400   39.1500    916. 1284.31
03065000  -79.6220   39.0720    345. 1358.51
03069000  -79.6780   39.0960    214. 1277.25
03069500  -79.6806   39.1222    718. 1331.58
03070000  -79.6660   39.3470    937. 1338.20
03075500  -79.4256   39.4219    134. 1283.51
03079000  -79.2278   39.8597    382. 1108.80
03109500  -80.5408   40.6758    496.  942.54
03111500  -80.7340   40.1930    123.  997.60
03114500  -80.9972   39.4750    458. 1125.36
03136000  -82.1956   40.5147    948.  975.84
03155500  -81.2780   39.1190    452. 1091.56
03159500  -82.0878   39.3289    943.  999.83
03161000  -81.4072   36.3931    205. 1449.35
03164000  -80.9792   36.6472   1131. 1280.86
03165500  -80.9530   36.8350   1340. 1241.84
03167000  -80.8869   36.9394    247. 1024.37
03168000  -80.7460   36.9370   2202. 1156.21
03173000  -80.7097   37.2681    305.  985.76
03175500  -80.8500   37.3056    223. 1010.80
03179000  -81.0106   37.5439    394.  987.14
03180500  -79.8333   38.5436    133. 1418.17
03182500  -80.1308   38.1858    540. 1320.69
03183500  -80.6417   37.7242   1364. 1215.88
03184000  -80.8050   37.6400   1619. 1192.63
03186500  -80.4842   38.3789    128. 1394.97
03198500  -81.7117   38.1797    391. 1177.37
03199000  -81.8360   38.0800    269. 1179.33
03213000  -81.8440   37.4860    504. 1103.73
03214000  -82.3890   37.8180   1188. 1139.79
03237500  -83.4211   38.8036    387. 1078.30
03238500  -83.9290   38.8580    218. 1085.83
03251500  -84.2670   38.5980   2326. 1147.20
03252500  -84.3031   38.3908    621. 1128.00
03253500  -84.3108   38.7103   3300. 1138.98
03265000  -84.3561   40.0578    503.  939.93
03266000  -84.2825   39.8694    650.  941.35
03269500  -83.8703   39.9231    490.  954.75
03274000  -84.5722   39.3911   3630.  961.36
03281500  -83.6772   37.4792    722. 1231.16
03289500  -84.8150   38.2690    402. 1113.34
03301500  -85.7039   37.7672   1299. 1237.02
03303000  -86.2280   38.2370    284. 1148.25
03308500  -85.8861   37.2681   1673. 1319.58
03324300  -85.4536   40.7125    425.  942.60
03326500  -85.6594   40.5761    682.  948.80
03328500  -86.2639   40.7819    789.  937.75
03331500  -86.5640   41.1570    856.  937.82
03339500  -86.8994   40.0489    509.  983.91
03345500  -88.0194   38.9361   1516. 1004.01
03346000  -87.9464   39.0103    318. 1020.84
03348000  -85.6720   40.1060    406.  955.66
03349000  -86.0170   40.0470    858.  970.44
03361500  -85.7820   39.5290    421. 1031.17
03361650  -85.8856   39.7142     94. 1027.41
03362500  -85.9975   39.3608    474. 1034.23
03363000  -85.9860   39.3390   1060. 1027.62
03364000  -85.9256   39.2000   1707. 1030.71
03365500  -85.8990   38.9830   2341. 1036.51
03381500  -88.1597   38.0611   3102. 1052.77
03410500  -84.5330   36.6270    954. 1389.23
03438000  -87.7217   36.7778    244. 1274.68
03443000  -82.6240   35.2990    296. 2155.78
03448000  -82.5925   35.5019    676. 1705.77
03451500  -82.5786   35.6092    945. 1543.76
03455000  -83.1610   35.9820   1858. 1340.07
03465500  -82.4575   36.1764    805. 1325.61
03470000  -83.5780   35.8780    353. 1194.47
03473000  -81.8442   36.6517    301. 1109.31
03490000  -82.5680   36.6090    672. 1144.19
03504000  -83.6192   35.1269     52. 1894.79
03512000  -83.3536   35.4614    184. 1719.72
03521500  -81.7810   37.0860    137. 1118.56
03524000  -82.1550   36.9447    528. 1145.53
03528000  -83.3983   36.4250   1474. 1191.78
03531500  -83.0950   36.6620    319. 1307.15
03532000  -83.6303   36.5417    685. 1309.81
03540500  -84.5581   35.9831    764. 1442.72
03550000  -83.9806   35.1389    104. 1846.35
03567500  -85.2070   35.0140    428. 1423.88
03574500  -86.3064   34.6242    320. 1466.55
03603000  -87.7431   35.9300   2557. 1379.43
04073500  -88.9522   43.9539   1340.  798.32
04079000  -88.7403   44.3922   2260.  802.06
04100500  -85.8486   41.5933    594.  910.48
04113000  -84.5550   42.7510   1230.  791.97
04115000  -84.6930   43.1100    434.  791.14
04144000  -83.9460   42.8240    368.  771.69
04164000  -82.9500   42.5780    444.  789.56
04165500  -82.9100   42.5960    734.  790.24
04176500  -83.5310   41.9610   1042.  841.30
04178000  -84.8020   41.3860    610.  896.90
04183500  -84.7444   41.1989   2129.  895.47
04185000  -84.4300   41.5040    410.  884.35
04191500  -84.3992   41.2375   2310.  882.17
04198000  -83.1589   41.3078   1251.  923.61
04201500  -81.8872   41.4067    267.  929.43
04212000  -81.0467   41.7406    581. 1031.54
04221000  -77.9575   42.1222    288.  943.72
04221500  -77.9806   42.1639    308.  942.48
04223000  -78.0425   42.5703    984.  956.59
05053000  -96.7833   46.4681   2080.  505.60
05244000  -94.8789   46.6403   1010.  661.25
05280000  -93.7339   45.0867   2520.  708.06
05320500  -94.0411   44.1111   1110.  767.31
05383000  -91.1181   43.9014    398.  832.34
05408000  -90.6431   43.5742    266.  834.23
05410490  -90.8583   43.1828    687.  820.18
05410500  -90.8740   43.1910    690.  820.18
05412500  -91.2617   42.7400   1545.  846.06
05418500  -90.6344   42.0847   1553.  878.25
05422000  -90.5347   41.7669   2330.  881.73
05430500  -89.0706   42.6092   3340.  806.90
05435500  -89.6158   42.3036   1326.  859.07
05440000  -88.9986   42.1958   1099.  905.33
05447500  -90.1583   41.4889   1003.  920.28
05451500  -92.9075   42.0658   1564.  827.94
05452000  -92.3130   41.9640    201.  871.48
05454500  -91.5408   41.6567   3271.  856.30
05455500  -91.7156   41.4664    573.  901.90
05457700  -92.6731   43.0625   1054.  806.03
05458500  -92.4650   42.6483   1661.  820.02
05462000  -92.5958   42.6528   1746.  820.90
05471500  -92.6590   41.3550   1635.  848.25
05472500  -92.2044   41.3008    730.  886.24
05476500  -94.8439   43.3975   1372.  680.20
05479000  -94.1917   42.7239   1308.  756.92
05481000  -93.8033   42.4336    844.  790.63
05482500  -94.3767   41.9881   1619.  788.52
05484500  -93.9497   41.5339   3441.  808.83
05502040  -91.1490   39.6930     73.  985.96
05507500  -91.6720   39.5400   2230.  978.16
05508000  -91.4080   39.6120   2480.  981.45
05514500  -90.9833   39.0164    903.  990.19
05515500  -86.7010   41.4000    400.  993.27
05517000  -86.6210   41.3030    384.  964.15
05517500  -86.9640   41.2210   1160.  978.82
05518000  -87.3430   41.1830   1578.  975.63
05520500  -87.6686   41.1600   2294.  977.21
05526000  -87.8242   41.0089   2091.  947.35
05542000  -88.3597   41.2861    455.  911.91
05546500  -88.1792   42.5111    868.  843.88
05552500  -88.7910   41.3870   2642.  893.66
05554500  -88.6360   40.8780    579.  898.30
05555300  -88.9308   41.2083   1251.  910.10
05555500  -89.0122   41.2553   1278.  910.61
05569500  -90.2814   40.7089   1072.  928.87
05570000  -90.3428   40.4856   1636.  928.16
05582000  -89.7360   40.1340   1804.  948.97
05584500  -90.8990   40.3290    655.  943.38
05585000  -90.6319   40.0253   1293.  944.02
05592500  -89.0889   38.9597   1940.  998.79
05593000  -89.3561   38.6117   2719. 1002.80
05594000  -89.4940   38.6100    735.  997.02
06191500 -110.7936   45.1119   2623.  806.74
06192500 -110.5653   45.5972   3551.  777.92
06225500 -109.0100   43.2420   1891.  625.30
06334500 -103.9731   45.5469   1970.  368.95
06340500 -101.6217   47.2853   2240.  428.56
06359500 -102.1561   45.1978   2660.  398.84
06426500 -104.9764   44.2956   1643.  368.45
06441500 -100.3839   44.3267   3107.  423.16
06446000 -102.8247   43.2547   2200.  417.77
06454500 -103.1708   42.4597   1400.  391.22
06480000  -96.7486   44.1800   3898.  569.60
06600500  -96.3119   42.5767    886.  687.69
06606600  -95.7969   42.4722   2500.  721.68
06607200  -95.8080   42.1580    669.  760.07
06609500  -95.7820   41.6420    871.  774.91
06799500  -96.5210   41.7140   1030.  682.06
06808500  -95.5800   40.8731   1326.  808.56
06810000  -95.6256   40.6325   2806.  823.88
06811500  -95.8128   40.3925    793.  797.56
06813000  -95.4089   40.3389    508.  866.71
06815000  -95.5920   40.0330   1340.  818.15
06817000  -95.0130   40.7390    762.  862.28
06817500  -95.0886   40.4450   1240.  875.15
06820500  -94.7030   39.6890   1760.  897.25
06847000  -99.8930   40.1200   1650.  523.34
06860000 -100.8550   38.7920   3555.  445.70
06868000  -98.5333   38.9333   1900.  557.74
06869500  -97.8739   39.0042   2820.  591.28
06883000  -98.0667   40.3328    979.  659.58
06884400  -96.8581   39.7758   3324.  711.24
06884500  -96.8611   39.7778   3509.  711.76
06885500  -96.4375   39.6842    410.  825.80
06888500  -96.1811   39.0622    316.  876.58
06890500  -95.4544   39.3508    922.  913.99
06892000  -95.0108   39.1164    406.  951.16
06894000  -94.3003   39.1006    184.  994.73
06897500  -93.9425   39.9269   2250.  898.07
06898000  -93.8081   40.6403    701.  878.08
06899500  -93.6442   40.0794   1670.  897.17
06908000  -93.1967   38.9922   1120. 1015.92
06913500  -95.2569   38.6167   1250.  924.02
06914000  -95.2486   38.3336    334.  957.53
06928000  -92.4517   37.7592   1250. 1077.64
06933500  -91.9772   37.9297   2840. 1076.71
07019000  -90.5917   38.5056   3788. 1035.77
07029500  -88.9767   35.2753   1480. 1398.22
07049000  -93.8556   36.2006    263. 1159.35
07052500  -93.4610   36.8050    987. 1099.74
07056000  -92.7456   35.9839    829. 1180.04
07057500  -92.2481   36.6228    561. 1083.59
07058000  -92.3040   36.6260    570. 1083.55
07067000  -91.0147   36.9914   1667. 1103.09
07068000  -90.8475   36.6219   2038. 1115.50
07069500  -91.1719   36.2053   1183. 1147.10
07072000  -91.1133   36.3467   1134. 1140.46
07074000  -91.4497   36.1103    473. 1163.95
07144200  -97.3878   37.8322   1327.  762.43
07144780  -97.9358   37.8447    787.  681.80
07147070  -97.0125   37.7958    426.  830.36
07147800  -96.9944   37.2242   1880.  861.17
07152000  -97.2770   36.8110   1859.  753.29
07163000  -96.8680   36.1160     31.  885.98
07172000  -96.3150   37.0036    445.  898.29
07177500  -95.9540   36.2780    905.  955.16
07183000  -95.4306   37.8908   3818.  887.17
07186000  -94.5661   37.2456   1164. 1102.81
07196500  -94.9208   35.9214    959. 1153.94
07197000  -94.8383   35.9211    307. 1162.24
07211500 -104.4933   36.2969   2850.  474.94
07221000 -104.7828   35.8003   1104.  557.70
07222500 -104.4431   35.4028    523.  395.06
07243500  -96.0650   35.6750   2018.  913.25
07252000  -94.0153   35.5769    373. 1254.86
07261000  -92.4028   35.2989    169. 1313.30
07288500  -90.5430   33.5470    767. 1381.40
07289500  -89.9661   32.8806   1493. 1443.24
07290000  -90.6967   32.3475   2812. 1434.66
07307800 -100.0733   34.2275   2754.  527.45
07340000  -94.3875   33.9194   2662. 1328.84
07346000  -94.4986   32.7494    850. 1146.19
07346050  -94.7508   32.6725    383. 1117.20
07346070  -94.3456   32.7139    675. 1137.69
07348000  -93.8778   32.6458   3137. 1173.40
07363500  -92.0258   33.7008   2102. 1358.93
07375500  -90.3617   30.5064    646. 1632.97
07378000  -91.0740   30.5120    284. 1600.37
07378500  -90.9903   30.4639   1280. 1594.13
08013500  -92.8139   30.6403    753. 1480.35
08015500  -92.9153   30.5028   1700. 1481.74
08032000  -95.4306   31.8922   1145. 1059.68
08033500  -94.3986   31.0247   3636. 1099.75
08055500  -96.9442   32.9658   2459.  927.51
08085500  -99.2242   32.9344   3988.  630.36
08095000  -97.5678   31.7858    968.  801.51
08103800  -98.0164   31.0817    818.  735.84
08146000  -98.7192   31.2131   3046.  629.98
08150000  -99.7219   30.4975   1856.  612.14
08150700  -99.1089   30.6606   3247.  631.92
08167500  -98.3828   29.8606   1315.  761.41
08171000  -98.0886   29.9942    355.  844.92
08171300  -97.9097   29.9792    412.  847.49
08172000  -97.6497   29.6650    838.  860.34
08189500  -97.2789   28.2917    690.  820.12
08205500  -99.1444   28.7364   3429.  667.77
08340500 -107.1890   35.5930   1390.  259.90
09127998 -107.6489   38.5261   3965.  557.11
09132500 -107.4336   38.9258    526.  688.74
09251000 -108.0292   40.5028   3410.  591.07
09292500 -110.3410   40.5120    132.  829.94
09299500 -109.9269   40.5869    113.  790.91
09430500 -108.5367   33.0611   1864.  515.48
09431500 -108.6750   32.7269   2829.  494.41
09442692 -108.5150   33.8914     94.  480.46
09444500 -109.2953   33.0494   2766.  516.24
09497500 -110.4990   33.7980   2849.  597.33
10296000 -119.4492   38.3797    180. 1009.57
10296500 -119.4542   38.5153    250.  878.50
10301500 -119.0972   39.1528   2600.  472.25
10309000 -119.7030   38.8470    356.  932.84
10312000 -119.3111   39.2917   1302.  595.58
11025500 -116.8653   33.1069    112.  563.00
11080500 -117.8050   34.2360     85.  781.51
11138500 -120.1672   34.8397    281.  547.48
11160000 -121.9547   36.9914     40. 1070.06
11210500 -118.9533   36.4067    519.  865.04
11213500 -119.1233   36.8633    952.  928.38
11222000 -119.3350   36.8167   1693.  889.31
11224500 -120.4697   36.2147     96.  554.30
11281000 -120.0119   37.8217     87.  967.64
11342000 -122.4161   40.9397    425. 1296.79
11355500 -121.4236   40.6867    162.  962.85
11401500 -120.9269   40.0781    739.  785.44
11403000 -121.2175   40.0106   1025.  891.94
11413000 -120.9369   39.5250    250. 1751.81
11427000 -121.0228   38.9361    342. 1546.12
11497500 -121.2375   42.4472    513.  567.73
11501000 -121.8486   42.5847   1580.  565.81
11530000 -123.6708   41.0500   2853. 1378.17
11532500 -124.0539   41.7894    609. 2686.49
12027500 -123.0344   46.7761    895. 1599.18
12098500 -121.9490   47.1510    401. 2062.48
12134500 -121.6656   47.8375    535. 2684.57
12144500 -121.8411   47.5453    375. 2446.31
12149000 -121.9240   47.6660    603. 2157.90
12340000 -113.7560   46.9000   2290.  823.65
12358500 -114.0092   48.4953   1128. 1329.98
12413000 -116.2528   47.5722    895. 1176.00
12413500 -116.3069   47.5639   1220. 1130.55
12449500 -120.1150   48.3653   1301. 1008.42
12449950 -119.9839   48.0775   1772.  928.90
12459000 -120.6128   47.5833   1000. 1934.04
12462500 -120.4233   47.4994   1301. 1698.66
13186000 -115.3056   43.4944    635.  927.02
13200000 -115.9889   43.6481    399.  800.25
13298500 -114.2550   44.3786   1800.  769.63
13302500 -113.8944   45.1833   3760.  614.32
13336500 -115.5128   46.0867   1910. 1127.03
13337000 -115.5864   46.1506   1180. 1409.70
13340500 -115.5078   46.6314    996. 1485.91
13340600 -115.6197   46.8406   1360. 1420.72
13351000 -118.1478   46.7586   2500.  494.51
14080500 -120.7944   44.1139   2700.  385.47
14101500 -121.0939   45.2417    417. 1207.37
14113000 -121.2089   45.7567   1297. 1015.08
14232500 -121.8628   46.4417    321. 2029.44
14233400 -122.0975   46.4703   1030. 2082.67
14308000 -122.9472   42.9306    449. 1347.17
14321000 -123.5542   43.5861   3683. 1321.82
14359000 -122.9861   42.4375   2053.  990.90
