01048000  0.05  0.05  0.84  0.01  0.00  0.00  0.00  0.02  0.00  0.00  0.00  0.00  0.00  0.00  0.02  0.00
01055500  0.10  0.47  0.43  0.00  0.00  0.00  0.00  0.00  0.00  0.00  0.00  0.00  0.00  0.00  0.00  0.01
01060000  0.14  0.11  0.26  0.18  0.00  0.00  0.00  0.07  0.00  0.00  0.15  0.08  0.00  0.00  0.00  0.00
01064500  0.22  0.16  0.50  0.02  0.00  0.00  0.00  0.00  0.00  0.00  0.00  0.00  0.00  0.00  0.08  0.02
01076500  0.11  0.38  0.31  0.02  0.00  0.00  0.00  0.00  0.00  0.00  0.00  0.00  0.00  0.00  0.17  0.02
01127000  0.00  0.04  0.82  0.00  0.00  0.00  0.00  0.00  0.00  0.00  0.00  0.00  0.00  0.00  0.01  0.12
01138000  0.02  0.20  0.65  0.03  0.00  0.00  0.00  0.00  0.00  0.00  0.00  0.00  0.00  0.00  0.10  0.01
01197500  0.00  0.00  0.37  0.17  0.00  0.18  0.00  0.00  0.00  0.00  0.00  0.00  0.00  0.01  0.24  0.04
01200000  0.08  0.00  0.20  0.22  0.00  0.33  0.00  0.00  0.00  0.00  0.00  0.00  0.00  0.00  0.17  0.00
01321000  0.02  0.01  0.46  0.03  0.00  0.00  0.00  0.00  0.00  0.00  0.00  0.00  0.02  0.02  0.42  0.00
01329000  0.00  0.00  0.38  0.23  0.00  0.16  0.00  0.00  0.00  0.00  0.00  0.00  0.00  0.00  0.16  0.06
01329500  0.05  0.00  0.19  0.45  0.00  0.07  0.00  0.01  0.00  0.00  0.00  0.07  0.00  0.00  0.12  0.02
01334500  0.03  0.00  0.22  0.24  0.00  0.24  0.00  0.00  0.00  0.00  0.00  0.01  0.00  0.00  0.25  0.01
01348000  0.06  0.01  0.56  0.09  0.00  0.15  0.00  0.00  0.00  0.00  0.00  0.00  0.03  0.01  0.09  0.00
01361000  0.12  0.00  0.10  0.41  0.00  0.21  0.00  0.00  0.00  0.00  0.00  0.00  0.00  0.00  0.15  0.00
01371500  0.06  0.03  0.12  0.43  0.00  0.11  0.00  0.01  0.04  0.00  0.01  0.00  0.07  0.00  0.11  0.02
01372500  0.08  0.00  0.06  0.69  0.00  0.11  0.00  0.00  0.00  0.00  0.00  0.00  0.00  0.00  0.06  0.00
01421000  0.00  0.00  0.08  0.20  0.00  0.33  0.00  0.00  0.00  0.00  0.00  0.00  0.00  0.01  0.38  0.00
01423000  0.00  0.00  0.18  0.29  0.00  0.27  0.00  0.00  0.00  0.00  0.00  0.00  0.00  0.00  0.26  0.00
01426500  0.00  0.00  0.13  0.32  0.00  0.29  0.00  0.00  0.00  0.00  0.00  0.00  0.00  0.01  0.26  0.00
01445000  0.01  0.05  0.21  0.05  0.00  0.18  0.00  0.00  0.25  0.00  0.00  0.00  0.01  0.00  0.11  0.13
01445500  0.00  0.18  0.50  0.02  0.00  0.10  0.00  0.00  0.10  0.00  0.00  0.00  0.00  0.04  0.00  0.07
01500500  0.00  0.00  0.04  0.46  0.00  0.19  0.00  0.00  0.00  0.00  0.00  0.00  0.00  0.01  0.24  0.06
01503000  0.00  0.00  0.02  0.49  0.00  0.24  0.00  0.00  0.00  0.00  0.00  0.00  0.00  0.00  0.20  0.05
01512500  0.01  0.00  0.01  0.56  0.00  0.15  0.00  0.00  0.00  0.00  0.00  0.00  0.01  0.00  0.23  0.04
01514000  0.00  0.00  0.02  0.63  0.00  0.04  0.00  0.00  0.00  0.00  0.00  0.00  0.00  0.00  0.28  0.03
01518000  0.00  0.03  0.02  0.58  0.00  0.18  0.00  0.00  0.00  0.00  0.01  0.00  0.00  0.00  0.17  0.01
01520000  0.00  0.03  0.02  0.59  0.00  0.18  0.00  0.00  0.00  0.00  0.01  0.00  0.00  0.00  0.16  0.01
01520500  0.00  0.03  0.01  0.45  0.00  0.38  0.00  0.00  0.00  0.00  0.00  0.00  0.00  0.00  0.11  0.02
01531000  0.00  0.01  0.01  0.52  0.00  0.23  0.00  0.00  0.00  0.00  0.00  0.00  0.00  0.00  0.18  0.03
01534000  0.00  0.01  0.00  0.22  0.00  0.75  0.00  0.00  0.00  0.00  0.00  0.00  0.00  0.00  0.02  0.00
01541000  0.00  0.00  0.11  0.23  0.00  0.39  0.00  0.00  0.00  0.00  0.00  0.00  0.00  0.00  0.27  0.00
01541500  0.00  0.00  0.14  0.25  0.00  0.39  0.00  0.02  0.00  0.00  0.00  0.00  0.00  0.01  0.20  0.00
01543500  0.00  0.00  0.10  0.31  0.00  0.57  0.00  0.00  0.00  0.00  0.00  0.00  0.00  0.00  0.03  0.00
01548500  0.00  0.01  0.08  0.36  0.00  0.44  0.00  0.00  0.00  0.00  0.00  0.00  0.00  0.00  0.09  0.03
01556000  0.00  0.02  0.27  0.16  0.00  0.32  0.00  0.00  0.00  0.00  0.00  0.10  0.00  0.00  0.13  0.00
01558000  0.00  0.01  0.25  0.15  0.00  0.37  0.00  0.00  0.00  0.00  0.00  0.09  0.00  0.00  0.13  0.00
01559000  0.00  0.02  0.28  0.13  0.00  0.28  0.00  0.01  0.00  0.00  0.02  0.17  0.00  0.00  0.11  0.00
01560000  0.00  0.00  0.14  0.28  0.00  0.27  0.00  0.03  0.00  0.00  0.00  0.01  0.00  0.00  0.28  0.00
01562000  0.00  0.00  0.18  0.21  0.00  0.29  0.00  0.03  0.00  0.00  0.00  0.08  0.00  0.00  0.21  0.00
01567000  0.00  0.01  0.22  0.17  0.00  0.31  0.00  0.01  0.00  0.00  0.02  0.08  0.00  0.00  0.17  0.00
01574000  0.00  0.00  0.05  0.71  0.00  0.02  0.00  0.00  0.00  0.00  0.00  0.04  0.00  0.00  0.18  0.00
01595000  0.00  0.00  0.05  0.36  0.00  0.13  0.00  0.00  0.00  0.00  0.00  0.00  0.00  0.00  0.45  0.01
01606500  0.00  0.04  0.25  0.10  0.00  0.18  0.00  0.05  0.00  0.00  0.00  0.00  0.00  0.00  0.36  0.01
01608500  0.00  0.06  0.19  0.13  0.00  0.23  0.00  0.03  0.00  0.00  0.00  0.00  0.00  0.00  0.36  0.01
01610000  0.00  0.03  0.15  0.20  0.00  0.24  0.00  0.02  0.01  0.00  0.00  0.00  0.00  0.00  0.34  0.01
01611500  0.00  0.08  0.26  0.06  0.00  0.18  0.00  0.00  0.00  0.00  0.00  0.00  0.00  0.00  0.36  0.05
01628500  0.00  0.00  0.10  0.11  0.00  0.22  0.00  0.05  0.00  0.00  0.01  0.30  0.00  0.00  0.21  0.00
01631000  0.00  0.00  0.12  0.13  0.00  0.22  0.00  0.06  0.01  0.00  0.00  0.22  0.00  0.00  0.23  0.00
01634000  0.00  0.00  0.10  0.09  0.00  0.21  0.00  0.04  0.00  0.00  0.01  0.24  0.00  0.00  0.31  0.00
01643000  0.00  0.00  0.11  0.48  0.00  0.08  0.00  0.04  0.00  0.01  0.00  0.04  0.00  0.00  0.20  0.03
01649500  0.00  0.01  0.23  0.15  0.00  0.19  0.15  0.11  0.00  0.00  0.00  0.16  0.00  0.00  0.00  0.00
01663500  0.00  0.00  0.24  0.22  0.00  0.04  0.01  0.00  0.33  0.00  0.00  0.00  0.00  0.00  0.16  0.00
01664000  0.00  0.00  0.27  0.17  0.00  0.04  0.02  0.00  0.37  0.00  0.00  0.00  0.00  0.00  0.13  0.00
01667500  0.00  0.00  0.17  0.28  0.00  0.03  0.01  0.00  0.31  0.00  0.00  0.03  0.00  0.00  0.15  0.01
01668000  0.00  0.01  0.17  0.24  0.00  0.03  0.01  0.06  0.27  0.01  0.00  0.04  0.00  0.00  0.16  0.01
01672500  0.00  0.12  0.12  0.05  0.00  0.01  0.03  0.16  0.07  0.13  0.00  0.18  0.00  0.00  0.10  0.01
01674500  0.00  0.09  0.20  0.01  0.00  0.04  0.39  0.06  0.00  0.11  0.00  0.03  0.00  0.00  0.04  0.03
02016000  0.00  0.00  0.23  0.05  0.00  0.20  0.00  0.10  0.00  0.00  0.00  0.00  0.00  0.00  0.41  0.00
02018000  0.00  0.00  0.30  0.05  0.00  0.20  0.00  0.05  0.00  0.00  0.00  0.05  0.00  0.00  0.34  0.00
02030500  0.00  0.08  0.00  0.01  0.00  0.07  0.00  0.15  0.00  0.00  0.00  0.66  0.00  0.00  0.03  0.00
02055000  0.00  0.00  0.07  0.09  0.00  0.18  0.00  0.06  0.07  0.00  0.01  0.29  0.00  0.00  0.23  0.00
02058400  0.00  0.00  0.15  0.00  0.00  0.02  0.05  0.01  0.09  0.00  0.00  0.66  0.00  0.00  0.00  0.02
02083500  0.11  0.10  0.18  0.05  0.00  0.04  0.10  0.04  0.03  0.08  0.00  0.26  0.00  0.00  0.00  0.01
02102000  0.00  0.14  0.05  0.22  0.00  0.01  0.03  0.26  0.06  0.03  0.00  0.11  0.00  0.00  0.05  0.05
02116500  0.00  0.02  0.22  0.03  0.00  0.09  0.01  0.04  0.05  0.11  0.00  0.28  0.00  0.00  0.07  0.06
02118000  0.00  0.00  0.14  0.00  0.00  0.10  0.01  0.00  0.12  0.11  0.00  0.51  0.00  0.00  0.00  0.00
02121000  0.00  0.04  0.17  0.03  0.00  0.09  0.01  0.03  0.06  0.10  0.00  0.38  0.00  0.00  0.04  0.05
02126000  0.00  0.12  0.03  0.12  0.00  0.02  0.00  0.26  0.08  0.00  0.00  0.12  0.00  0.00  0.19  0.07
02135000  0.10  0.17  0.28  0.00  0.00  0.03  0.29  0.00  0.04  0.00  0.00  0.04  0.00  0.00  0.00  0.05
02138500  0.00  0.00  0.29  0.00  0.00  0.54  0.00  0.00  0.01  0.00  0.00  0.03  0.00  0.00  0.13  0.01
02143000  0.00  0.00  0.38  0.00  0.00  0.04  0.00  0.02  0.21  0.21  0.00  0.07  0.00  0.00  0.00  0.07
02143040  0.00  0.00  0.35  0.00  0.00  0.09  0.00  0.02  0.38  0.00  0.00  0.08  0.00  0.00  0.00  0.08
02143500  0.00  0.00  0.04  0.00  0.00  0.12  0.00  0.00  0.01  0.05  0.00  0.78  0.00  0.00  0.00  0.00
02156500  0.00  0.01  0.23  0.03  0.00  0.06  0.01  0.02  0.08  0.13  0.00  0.30  0.00  0.00  0.08  0.06
02165000  0.00  0.01  0.25  0.00  0.00  0.02  0.03  0.00  0.01  0.00  0.00  0.69  0.00  0.00  0.00  0.01
02174000  0.34  0.11  0.06  0.00  0.00  0.02  0.40  0.00  0.00  0.03  0.00  0.01  0.00  0.00  0.00  0.03
02192000  0.00  0.03  0.43  0.00  0.00  0.01  0.03  0.00  0.00  0.00  0.00  0.49  0.00  0.00  0.00  0.00
02202000  0.03  0.15  0.11  0.03  0.00  0.01  0.52  0.00  0.00  0.00  0.00  0.13  0.00  0.00  0.00  0.00
02202500  0.05  0.18  0.11  0.02  0.00  0.01  0.50  0.00  0.00  0.00  0.00  0.11  0.00  0.00  0.00  0.00
02217500  0.00  0.00  0.47  0.00  0.00  0.00  0.03  0.00  0.00  0.00  0.00  0.51  0.00  0.00  0.00  0.00
02218500  0.00  0.00  0.46  0.00  0.00  0.00  0.03  0.00  0.00  0.00  0.00  0.50  0.00  0.00  0.00  0.00
02219500  0.00  0.00  0.47  0.00  0.00  0.00  0.04  0.00  0.00  0.00  0.00  0.49  0.00  0.00  0.00  0.00
02228000  0.16  0.33  0.08  0.00  0.00  0.00  0.43  0.00  0.00  0.00  0.00  0.00  0.01  0.00  0.00  0.00
02236000  0.79  0.00  0.04  0.00  0.00  0.00  0.01  0.00  0.00  0.00  0.00  0.00  0.13  0.03  0.00  0.00
02273000  0.81  0.00  0.01  0.00  0.00  0.00  0.00  0.00  0.00  0.00  0.00  0.00  0.09  0.09  0.00  0.00
02296750  0.91  0.00  0.01  0.00  0.00  0.00  0.00  0.00  0.00  0.00  0.00  0.00  0.05  0.03  0.00  0.00
02329000  0.05  0.23  0.08  0.00  0.00  0.00  0.63  0.00  0.00  0.00  0.00  0.00  0.00  0.01  0.00  0.00
02339500  0.00  0.05  0.33  0.00  0.00  0.04  0.03  0.00  0.00  0.00  0.00  0.36  0.00  0.03  0.12  0.05
02347500  0.00  0.02  0.42  0.00  0.00  0.00  0.06  0.00  0.01  0.01  0.00  0.41  0.00  0.00  0.06  0.01
02349500  0.03  0.10  0.29  0.01  0.00  0.01  0.23  0.00  0.01  0.01  0.00  0.27  0.00  0.00  0.04  0.02
02365500  0.02  0.35  0.21  0.00  0.00  0.00  0.36  0.00  0.02  0.00  0.00  0.00  0.01  0.00  0.00  0.02
02375500  0.04  0.05  0.25  0.03  0.00  0.02  0.31  0.00  0.18  0.00  0.00  0.00  0.00  0.00  0.00  0.11
02383500  0.00  0.00  0.14  0.07  0.00  0.11  0.01  0.03  0.07  0.00  0.00  0.07  0.00  0.01  0.11  0.39
02387000  0.00  0.00  0.05  0.17  0.00  0.08  0.00  0.17  0.10  0.00  0.00  0.11  0.00  0.00  0.11  0.20
02387500  0.00  0.00  0.10  0.12  0.00  0.09  0.00  0.10  0.08  0.00  0.00  0.09  0.00  0.00  0.11  0.30
02414500  0.01  0.01  0.25  0.01  0.00  0.18  0.03  0.00  0.01  0.00  0.00  0.30  0.00  0.00  0.00  0.20
02437000  0.00  0.00  0.11  0.01  0.00  0.22  0.03  0.03  0.26  0.00  0.05  0.21  0.00  0.00  0.00  0.07
02448000  0.00  0.00  0.08  0.14  0.00  0.07  0.00  0.08  0.05  0.00  0.21  0.25  0.00  0.00  0.00  0.11
02456500  0.00  0.00  0.22  0.13  0.00  0.04  0.00  0.12  0.02  0.00  0.00  0.01  0.00  0.00  0.22  0.23
02472000  0.00  0.00  0.19  0.00  0.00  0.19  0.14  0.00  0.16  0.00  0.05  0.26  0.00  0.00  0.00  0.01
02475000  0.03  0.01  0.27  0.03  0.00  0.20  0.14  0.01  0.10  0.00  0.01  0.16  0.00  0.00  0.00  0.02
02475500  0.00  0.02  0.10  0.01  0.00  0.33  0.09  0.01  0.25  0.00  0.00  0.13  0.00  0.00  0.04  0.03
02478500  0.01  0.01  0.26  0.02  0.00  0.19  0.05  0.03  0.16  0.00  0.01  0.17  0.00  0.00  0.03  0.07
02479300  0.00  0.00  0.74  0.00  0.00  0.15  0.02  0.00  0.00  0.00  0.00  0.09  0.00  0.00  0.00  0.00
02482000  0.00  0.02  0.07  0.18  0.00  0.09  0.05  0.06  0.07  0.00  0.00  0.31  0.00  0.00  0.01  0.13
02486000  0.00  0.01  0.09  0.19  0.00  0.18  0.03  0.04  0.18  0.00  0.10  0.12  0.00  0.01  0.00  0.04
02492000  0.00  0.00  0.11  0.22  0.01  0.26  0.20  0.08  0.12  0.00  0.00  0.00  0.00  0.00  0.00  0.00
03010500  0.00  0.00  0.14  0.48  0.00  0.35  0.00  0.00  0.00  0.00  0.00  0.00  0.00  0.00  0.00  0.02
03011020  0.00  0.00  0.07  0.47  0.00  0.32  0.00  0.00  0.00  0.00  0.00  0.00  0.00  0.00  0.11  0.03
03020500  0.00  0.06  0.02  0.40  0.00  0.52  0.00  0.00  0.00  0.00  0.00  0.00  0.00  0.00  0.00  0.00
03024000  0.00  0.11  0.03  0.63  0.00  0.22  0.00  0.00  0.00  0.00  0.00  0.00  0.00  0.00  0.01  0.00
03032500  0.00  0.00  0.08  0.21  0.00  0.34  0.00  0.10  0.00  0.00  0.00  0.00  0.00  0.00  0.27  0.01
03050500  0.00  0.00  0.00  0.20  0.00  0.22  0.00  0.16  0.00  0.00  0.00  0.00  0.00  0.00  0.34  0.07
03051000  0.00  0.00  0.00  0.18  0.00  0.26  0.00  0.13  0.00  0.00  0.00  0.00  0.00  0.00  0.36  0.06
03054500  0.00  0.00  0.00  0.17  0.00  0.33  0.00  0.06  0.00  0.00  0.00  0.00  0.00  0.00  0.42  0.03
03065000  0.00  0.00  0.12  0.17  0.00  0.10  0.00  0.21  0.00  0.00  0.00  0.00  0.00  0.00  0.34  0.05
03069000  0.00  0.00  0.11  0.19  0.00  0.15  0.00  0.14  0.00  0.00  0.00  0.00  0.00  0.00  0.38  0.03
03069500  0.00  0.00  0.15  0.18  0.00  0.11  0.00  0.17  0.00  0.00  0.01  0.00  0.00  0.00  0.34  0.05
03070000  0.00  0.00  0.12  0.19  0.00  0.15  0.00  0.13  0.00  0.00  0.00  0.00  0.00  0.00  0.34  0.06
03075500  0.00  0.00  0.12  0.15  0.00  0.25  0.03  0.00  0.00  0.00  0.00  0.00  0.00  0.00  0.36  0.08
03079000  0.00  0.00  0.08  0.14  0.00  0.38  0.03  0.00  0.00  0.00  0.00  0.00  0.00  0.00  0.36  0.00
03109500  0.00  0.00  0.05  0.16  0.00  0.61  0.00  0.03  0.01  0.00  0.00  0.00  0.00  0.00  0.13  0.01
03111500  0.00  0.00  0.00  0.14  0.00  0.15  0.00  0.41  0.00  0.00  0.02  0.09  0.00  0.00  0.19  0.00
03114500  0.00  0.00  0.00  0.14  0.00  0.41  0.00  0.02  0.00  0.00  0.00  0.00  0.00  0.00  0.41  0.02
03136000  0.00  0.00  0.05  0.23  0.00  0.35  0.00  0.15  0.20  0.00  0.00  0.00  0.00  0.00  0.03  0.00
03155500  0.00  0.00  0.00  0.22  0.00  0.36  0.00  0.00  0.00  0.00  0.00  0.00  0.00  0.00  0.42  0.00
03159500  0.00  0.00  0.01  0.20  0.00  0.06  0.00  0.31  0.17  0.00  0.05  0.02  0.00  0.00  0.11  0.07
03161000  0.00  0.00  0.21  0.06  0.00  0.59  0.00  0.10  0.00  0.00  0.00  0.01  0.00  0.00  0.03  0.00
03164000  0.00  0.00  0.25  0.06  0.00  0.37  0.00  0.06  0.20  0.00  0.00  0.00  0.00  0.00  0.06  0.00
03165500  0.00  0.00  0.26  0.06  0.00  0.32  0.00  0.05  0.22  0.00  0.00  0.01  0.00  0.00  0.08  0.00
03167000  0.00  0.00  0.02  0.13  0.00  0.14  0.00  0.07  0.00  0.00  0.00  0.45  0.00  0.00  0.18  0.00
03168000  0.00  0.00  0.21  0.09  0.00  0.23  0.00  0.07  0.18  0.00  0.00  0.10  0.00  0.00  0.12  0.00
03173000  0.00  0.00  0.08  0.09  0.00  0.20  0.00  0.20  0.00  0.00  0.00  0.22  0.00  0.00  0.20  0.00
03175500  0.00  0.00  0.19  0.08  0.00  0.12  0.00  0.21  0.00  0.00  0.00  0.13  0.00  0.00  0.26  0.00
03179000  0.00  0.00  0.00  0.11  0.00  0.29  0.00  0.23  0.00  0.00  0.00  0.07  0.00  0.00  0.22  0.07
03180500  0.00  0.00  0.02  0.33  0.00  0.15  0.00  0.05  0.00  0.00  0.00  0.00  0.00  0.00  0.43  0.02
03182500  0.00  0.00  0.02  0.27  0.00  0.19  0.00  0.10  0.00  0.00  0.00  0.00  0.00  0.00  0.38  0.04
03183500  0.00  0.00  0.04  0.21  0.00  0.17  0.00  0.13  0.00  0.00  0.00  0.07  0.00  0.00  0.35  0.03
03184000  0.00  0.00  0.04  0.20  0.00  0.15  0.00  0.16  0.00  0.00  0.00  0.07  0.00  0.00  0.34  0.04
03186500  0.00  0.00  0.00  0.25  0.00  0.13  0.00  0.21  0.00  0.00  0.00  0.00  0.00  0.00  0.41  0.00
03198500  0.00  0.00  0.36  0.06  0.00  0.22  0.00  0.01  0.00  0.00  0.00  0.00  0.00  0.00  0.29  0.07
03199000  0.00  0.00  0.46  0.00  0.00  0.24  0.00  0.00  0.00  0.00  0.00  0.00  0.00  0.00  0.30  0.00
03213000  0.00  0.00  0.00  0.01  0.00  0.68  0.00  0.01  0.00  0.00  0.00  0.00  0.00  0.00  0.30  0.00
03214000  0.00  0.00  0.03  0.00  0.00  0.61  0.00  0.01  0.00  0.00  0.00  0.00  0.00  0.00  0.32  0.03
03237500  0.00  0.00  0.00  0.26  0.00  0.00  0.00  0.30  0.07  0.00  0.15  0.07  0.00  0.00  0.11  0.04
03238500  0.00  0.00  0.00  0.24  0.00  0.00  0.00  0.63  0.13  0.00  0.00  0.00  0.00  0.00  0.00  0.00
03251500  0.00  0.00  0.04  0.18  0.00  0.06  0.00  0.08  0.00  0.00  0.21  0.07  0.00  0.01  0.30  0.04
03252500  0.00  0.00  0.00  0.15  0.00  0.00  0.00  0.08  0.00  0.00  0.26  0.15  0.00  0.00  0.35  0.01
03253500  0.00  0.00  0.03  0.16  0.00  0.04  0.00  0.08  0.00  0.00  0.24  0.08  0.00  0.01  0.32  0.04
03265000  0.00  0.00  0.00  0.19  0.00  0.35  0.00  0.22  0.20  0.00  0.00  0.01  0.00  0.00  0.01  0.02
03266000  0.00  0.00  0.00  0.19  0.00  0.36  0.00  0.18  0.21  0.00  0.00  0.01  0.00  0.00  0.02  0.02
03269500  0.00  0.00  0.00  0.15  0.00  0.37  0.00  0.03  0.25  0.00  0.00  0.06  0.00  0.00  0.00  0.15
03274000  0.00  0.00  0.00  0.18  0.00  0.34  0.00  0.16  0.22  0.00  0.01  0.03  0.00  0.00  0.01  0.05
03281500  0.00  0.00  0.00  0.15  0.00  0.05  0.00  0.45  0.02  0.00  0.00  0.00  0.00  0.00  0.32  0.00
03289500  0.00  0.00  0.00  0.22  0.00  0.00  0.00  0.24  0.00  0.00  0.31  0.07  0.00  0.00  0.15  0.01
03301500  0.00  0.00  0.00  0.15  0.00  0.02  0.00  0.08  0.00  0.00  0.22  0.12  0.00  0.00  0.36  0.05
03303000  0.00  0.00  0.00  0.67  0.00  0.01  0.00  0.01  0.00  0.00  0.22  0.00  0.00  0.00  0.10  0.00
03308500  0.00  0.00  0.00  0.25  0.00  0.01  0.00  0.18  0.06  0.00  0.06  0.30  0.00  0.00  0.14  0.00
03324300  0.00  0.00  0.00  0.14  0.00  0.00  0.00  0.79  0.05  0.00  0.00  0.01  0.00  0.00  0.00  0.00
03326500  0.00  0.00  0.00  0.15  0.00  0.02  0.00  0.73  0.09  0.00  0.00  0.00  0.00  0.00  0.00  0.01
03328500  0.02  0.03  0.03  0.09  0.00  0.16  0.03  0.42  0.18  0.00  0.00  0.00  0.01  0.00  0.00  0.03
03331500  0.21  0.08  0.04  0.01  0.00  0.27  0.11  0.04  0.14  0.00  0.00  0.00  0.08  0.00  0.00  0.01
03339500  0.00  0.00  0.00  0.14  0.00  0.25  0.01  0.33  0.17  0.00  0.00  0.00  0.00  0.00  0.00  0.11
03345500  0.00  0.00  0.00  0.27  0.00  0.17  0.00  0.46  0.04  0.00  0.01  0.00  0.00  0.00  0.00  0.04
03346000  0.00  0.00  0.00  0.44  0.00  0.05  0.00  0.48  0.02  0.00  0.00  0.00  0.00  0.00  0.00  0.00
03348000  0.00  0.00  0.00  0.18  0.00  0.38  0.00  0.18  0.24  0.00  0.00  0.00  0.01  0.00  0.00  0.01
03349000  0.00  0.00  0.00  0.17  0.00  0.31  0.00  0.31  0.17  0.00  0.00  0.00  0.00  0.00  0.00  0.03
03361500  0.00  0.00  0.00  0.20  0.00  0.35  0.01  0.14  0.22  0.00  0.00  0.01  0.00  0.00  0.00  0.07
03361650  0.00  0.00  0.00  0.19  0.00  0.43  0.00  0.16  0.20  0.00  0.00  0.00  0.00  0.00  0.00  0.03
03362500  0.00  0.00  0.00  0.21  0.00  0.36  0.01  0.16  0.21  0.00  0.00  0.00  0.00  0.00  0.00  0.05
03363000  0.00  0.00  0.00  0.20  0.00  0.37  0.00  0.16  0.21  0.00  0.00  0.00  0.00  0.00  0.00  0.05
03364000  0.00  0.00  0.00  0.21  0.00  0.36  0.01  0.16  0.21  0.00  0.00  0.00  0.00  0.00  0.01  0.05
03365500  0.00  0.00  0.00  0.22  0.00  0.34  0.00  0.16  0.22  0.00  0.00  0.00  0.00  0.00  0.01  0.05
03381500  0.00  0.00  0.00  0.52  0.00  0.01  0.00  0.45  0.00  0.00  0.00  0.00  0.00  0.00  0.00  0.02
03410500  0.00  0.00  0.00  0.04  0.00  0.48  0.03  0.00  0.10  0.00  0.01  0.01  0.00  0.00  0.30  0.02
03438000  0.00  0.00  0.01  0.42  0.00  0.00  0.06  0.37  0.00  0.00  0.09  0.01  0.00  0.00  0.04  0.00
03443000  0.00  0.00  0.25  0.02  0.00  0.42  0.00  0.00  0.09  0.00  0.00  0.08  0.00  0.00  0.14  0.00
03448000  0.00  0.00  0.25  0.03  0.00  0.36  0.00  0.01  0.09  0.00  0.00  0.11  0.00  0.00  0.14  0.01
03451500  0.00  0.00  0.27  0.02  0.00  0.35  0.00  0.00  0.11  0.00  0.00  0.10  0.00  0.00  0.13  0.01
03455000  0.00  0.00  0.24  0.01  0.00  0.39  0.00  0.00  0.10  0.00  0.00  0.07  0.00  0.00  0.16  0.03
03465500  0.00  0.00  0.36  0.01  0.00  0.41  0.00  0.01  0.05  0.00  0.00  0.01  0.00  0.00  0.16  0.00
03470000  0.00  0.00  0.00  0.07  0.00  0.27  0.00  0.02  0.00  0.00  0.00  0.05  0.00  0.00  0.46  0.13
03473000  0.00  0.00  0.02  0.06  0.00  0.34  0.00  0.09  0.06  0.00  0.00  0.19  0.00  0.00  0.22  0.02
03490000  0.00  0.00  0.08  0.10  0.00  0.15  0.00  0.20  0.00  0.00  0.00  0.26  0.00  0.00  0.20  0.00
03504000  0.00  0.00  0.33  0.00  0.00  0.66  0.00  0.00  0.00  0.00  0.00  0.00  0.00  0.00  0.00  0.00
03512000  0.00  0.00  0.05  0.00  0.00  0.72  0.00  0.00  0.01  0.00  0.00  0.01  0.00  0.00  0.06  0.16
03521500  0.00  0.00  0.00  0.09  0.00  0.28  0.00  0.23  0.00  0.00  0.00  0.32  0.00  0.00  0.06  0.01
03524000  0.00  0.00  0.00  0.10  0.00  0.23  0.00  0.21  0.00  0.00  0.00  0.35  0.00  0.00  0.10  0.00
03528000  0.00  0.00  0.00  0.09  0.00  0.26  0.00  0.15  0.00  0.00  0.00  0.33  0.00  0.00  0.16  0.01
03531500  0.00  0.00  0.00  0.05  0.00  0.57  0.00  0.03  0.00  0.00  0.00  0.14  0.00  0.00  0.21  0.00
03532000  0.00  0.00  0.01  0.07  0.00  0.36  0.00  0.07  0.00  0.00  0.01  0.30  0.00  0.00  0.18  0.01
03540500  0.00  0.00  0.00  0.01  0.00  0.28  0.08  0.00  0.19  0.00  0.01  0.02  0.00  0.00  0.40  0.02
03550000  0.00  0.00  0.06  0.00  0.00  0.78  0.00  0.00  0.00  0.00  0.00  0.08  0.00  0.00  0.00  0.09
03567500  0.00  0.00  0.05  0.13  0.00  0.06  0.00  0.06  0.23  0.00  0.00  0.19  0.00  0.00  0.21  0.07
03574500  0.00  0.00  0.09  0.13  0.00  0.05  0.00  0.01  0.01  0.00  0.00  0.31  0.00  0.00  0.31  0.09
03603000  0.00  0.00  0.01  0.31  0.00  0.00  0.00  0.37  0.01  0.00  0.04  0.17  0.00  0.00  0.06  0.03
04073500  0.46  0.01  0.13  0.06  0.00  0.03  0.00  0.10  0.01  0.00  0.04  0.00  0.12  0.02  0.00  0.01
04079000  0.18  0.05  0.43  0.09  0.00  0.04  0.00  0.00  0.02  0.00  0.00  0.00  0.06  0.01  0.00  0.12
04100500  0.03  0.09  0.16  0.02  0.00  0.23  0.10  0.11  0.15  0.00  0.00  0.01  0.09  0.01  0.00  0.01
04113000  0.11  0.13  0.28  0.00  0.00  0.34  0.00  0.00  0.07  0.00  0.00  0.00  0.08  0.00  0.00  0.00
04115000  0.09  0.02  0.03  0.05  0.00  0.43  0.00  0.05  0.24  0.00  0.00  0.00  0.07  0.00  0.00  0.00
04144000  0.13  0.07  0.01  0.00  0.00  0.45  0.00  0.00  0.24  0.00  0.00  0.00  0.09  0.00  0.00  0.00
04164000  0.18  0.41  0.04  0.05  0.00  0.12  0.00  0.13  0.07  0.00  0.00  0.01  0.00  0.00  0.00  0.00
04165500  0.12  0.25  0.04  0.05  0.00  0.26  0.00  0.09  0.14  0.00  0.00  0.04  0.00  0.00  0.00  0.01
04176500  0.16  0.08  0.08  0.07  0.00  0.04  0.00  0.28  0.08  0.00  0.00  0.15  0.00  0.00  0.00  0.06
04178000  0.06  0.02  0.03  0.09  0.00  0.15  0.04  0.51  0.10  0.00  0.00  0.00  0.00  0.00  0.00  0.00
04183500  0.03  0.01  0.01  0.11  0.00  0.06  0.02  0.61  0.08  0.00  0.00  0.04  0.01  0.01  0.00  0.01
04185000  0.06  0.02  0.03  0.09  0.00  0.16  0.01  0.41  0.12  0.00  0.00  0.07  0.00  0.00  0.00  0.02
04191500  0.00  0.00  0.00  0.08  0.00  0.01  0.00  0.48  0.03  0.00  0.03  0.35  0.00  0.00  0.00  0.00
04198000  0.00  0.00  0.01  0.13  0.00  0.02  0.00  0.53  0.12  0.00  0.02  0.10  0.00  0.00  0.01  0.06
04201500  0.00  0.00  0.00  0.14  0.00  0.01  0.00  0.47  0.36  0.00  0.00  0.00  0.00  0.00  0.00  0.01
04212000  0.00  0.00  0.00  0.65  0.00  0.01  0.00  0.07  0.11  0.00  0.12  0.04  0.00  0.00  0.00  0.00
04221000  0.00  0.00  0.14  0.47  0.00  0.30  0.00  0.00  0.00  0.00  0.00  0.00  0.00  0.00  0.09  0.01
04221500  0.00  0.00  0.14  0.47  0.00  0.29  0.00  0.00  0.00  0.00  0.00  0.00  0.00  0.00  0.09  0.01
04223000  0.00  0.00  0.06  0.58  0.00  0.12  0.00  0.00  0.00  0.00  0.02  0.00  0.00  0.00  0.18  0.03
05053000  0.22  0.01  0.08  0.12  0.00  0.24  0.00  0.02  0.19  0.00  0.07  0.01  0.00  0.00  0.00  0.04
05244000  0.48  0.14  0.25  0.00  0.00  0.03  0.06  0.00  0.01  0.00  0.00  0.00  0.00  0.01  0.00  0.01
05280000  0.08  0.01  0.06  0.00  0.00  0.40  0.02  0.04  0.34  0.00  0.02  0.01  0.00  0.01  0.00  0.00
05320500  0.01  0.00  0.00  0.01  0.00  0.30  0.00  0.13  0.34  0.00  0.10  0.11  0.00  0.01  0.00  0.00
05383000  0.36  0.00  0.07  0.30  0.00  0.00  0.00  0.02  0.00  0.00  0.01  0.00  0.00  0.00  0.00  0.24
05408000  0.00  0.00  0.07  0.41  0.00  0.00  0.00  0.06  0.00  0.00  0.21  0.00  0.00  0.00  0.00  0.25
05410490  0.02  0.00  0.06  0.40  0.00  0.01  0.00  0.19  0.00  0.00  0.12  0.00  0.00  0.00  0.01  0.21
05410500  0.02  0.00  0.06  0.40  0.00  0.01  0.00  0.19  0.00  0.00  0.12  0.00  0.00  0.00  0.01  0.21
05412500  0.00  0.03  0.00  0.27  0.00  0.42  0.00  0.25  0.02  0.00  0.00  0.00  0.00  0.00  0.02  0.00
05418500  0.02  0.02  0.00  0.27  0.00  0.35  0.00  0.29  0.00  0.00  0.00  0.00  0.00  0.00  0.04  0.00
05422000  0.04  0.06  0.01  0.05  0.00  0.60  0.00  0.22  0.01  0.00  0.00  0.00  0.00  0.00  0.00  0.00
05430500  0.00  0.00  0.19  0.20  0.00  0.08  0.00  0.25  0.07  0.00  0.00  0.00  0.07  0.02  0.00  0.12
05435500  0.01  0.00  0.00  0.21  0.00  0.00  0.02  0.36  0.01  0.00  0.03  0.07  0.00  0.00  0.25  0.05
05440000  0.00  0.00  0.02  0.20  0.00  0.21  0.04  0.32  0.07  0.00  0.01  0.00  0.00  0.00  0.00  0.13
05447500  0.12  0.00  0.00  0.28  0.00  0.11  0.04  0.27  0.04  0.00  0.01  0.00  0.00  0.00  0.00  0.14
05451500  0.00  0.00  0.00  0.01  0.00  0.57  0.00  0.22  0.20  0.00  0.00  0.00  0.00  0.00  0.00  0.00
05452000  0.00  0.00  0.00  0.08  0.00  0.11  0.00  0.81  0.00  0.00  0.00  0.00  0.00  0.00  0.00  0.00
05454500  0.02  0.00  0.00  0.06  0.00  0.30  0.00  0.51  0.10  0.00  0.00  0.00  0.00  0.00  0.00  0.00
05455500  0.00  0.00  0.00  0.04  0.00  0.00  0.00  0.95  0.01  0.00  0.00  0.00  0.00  0.00  0.00  0.00
05457700  0.06  0.02  0.01  0.08  0.00  0.57  0.01  0.11  0.08  0.00  0.00  0.00  0.02  0.00  0.03  0.01
05458500  0.04  0.04  0.01  0.06  0.00  0.64  0.01  0.09  0.07  0.00  0.00  0.00  0.01  0.00  0.02  0.01
05462000  0.02  0.04  0.01  0.00  0.00  0.63  0.00  0.05  0.21  0.00  0.00  0.00  0.00  0.01  0.03  0.00
05471500  0.00  0.00  0.00  0.05  0.00  0.46  0.00  0.30  0.19  0.00  0.00  0.00  0.00  0.00  0.00  0.00
05472500  0.00  0.00  0.00  0.11  0.00  0.00  0.00  0.88  0.01  0.00  0.00  0.00  0.00  0.00  0.00  0.00
05476500  0.05  0.00  0.02  0.01  0.00  0.63  0.00  0.02  0.12  0.00  0.15  0.00  0.00  0.01  0.00  0.00
05479000  0.00  0.00  0.00  0.00  0.00  0.67  0.00  0.04  0.29  0.00  0.00  0.00  0.00  0.00  0.00  0.00
05481000  0.00  0.00  0.00  0.00  0.00  0.62  0.00  0.12  0.26  0.00  0.00  0.00  0.00  0.00  0.00  0.00
05482500  0.00  0.00  0.00  0.00  0.00  0.70  0.00  0.02  0.27  0.00  0.00  0.00  0.00  0.00  0.00  0.00
05484500  0.00  0.00  0.00  0.00  0.00  0.58  0.00  0.20  0.22  0.00  0.00  0.00  0.00  0.00  0.00  0.00
05502040  0.00  0.00  0.00  0.55  0.00  0.00  0.00  0.45  0.00  0.00  0.00  0.00  0.00  0.00  0.00  0.00
05507500  0.00  0.00  0.00  0.12  0.00  0.04  0.00  0.32  0.34  0.00  0.17  0.00  0.00  0.01  0.00  0.00
05508000  0.00  0.00  0.00  0.12  0.00  0.04  0.00  0.34  0.30  0.00  0.18  0.01  0.00  0.01  0.01  0.00
05514500  0.00  0.00  0.01  0.16  0.00  0.00  0.00  0.42  0.01  0.00  0.25  0.07  0.00  0.00  0.08  0.00
05515500  0.35  0.02  0.04  0.02  0.00  0.20  0.06  0.01  0.02  0.00  0.00  0.00  0.17  0.00  0.00  0.11
05517000  0.07  0.03  0.04  0.00  0.00  0.39  0.16  0.00  0.24  0.00  0.00  0.00  0.06  0.00  0.00  0.00
05517500  0.32  0.03  0.07  0.01  0.00  0.23  0.08  0.00  0.08  0.00  0.00  0.00  0.10  0.00  0.00  0.08
05518000  0.34  0.05  0.09  0.02  0.00  0.19  0.07  0.03  0.06  0.00  0.01  0.00  0.08  0.00  0.00  0.07
05520500  0.35  0.04  0.07  0.03  0.00  0.16  0.05  0.09  0.06  0.00  0.04  0.00  0.06  0.00  0.00  0.06
05526000  0.22  0.01  0.01  0.07  0.00  0.14  0.01  0.29  0.02  0.00  0.14  0.00  0.01  0.00  0.00  0.07
05542000  0.04  0.00  0.00  0.14  0.00  0.00  0.00  0.52  0.10  0.00  0.17  0.00  0.00  0.00  0.00  0.03
05546500  0.00  0.00  0.08  0.19  0.00  0.13  0.01  0.24  0.09  0.00  0.05  0.00  0.05  0.01  0.00  0.15
05552500  0.00  0.00  0.05  0.20  0.00  0.13  0.01  0.32  0.06  0.00  0.05  0.00  0.02  0.01  0.00  0.15
05554500  0.01  0.00  0.00  0.12  0.00  0.03  0.01  0.52  0.06  0.00  0.18  0.00  0.00  0.00  0.00  0.07
05555300  0.00  0.00  0.00  0.16  0.00  0.02  0.01  0.55  0.05  0.00  0.16  0.00  0.00  0.00  0.00  0.04
05555500  0.00  0.00  0.00  0.17  0.00  0.02  0.01  0.55  0.05  0.00  0.16  0.00  0.00  0.00  0.00  0.04
05569500  0.00  0.00  0.00  0.39  0.00  0.02  0.00  0.55  0.00  0.00  0.01  0.00  0.00  0.00  0.00  0.03
05570000  0.00  0.00  0.00  0.39  0.00  0.01  0.00  0.56  0.00  0.00  0.01  0.00  0.00  0.00  0.00  0.02
05582000  0.00  0.00  0.00  0.43  0.00  0.11  0.00  0.44  0.00  0.00  0.00  0.00  0.00  0.00  0.00  0.02
05584500  0.00  0.00  0.00  0.39  0.00  0.00  0.00  0.61  0.00  0.00  0.00  0.00  0.00  0.00  0.00  0.01
05585000  0.00  0.00  0.00  0.32  0.00  0.00  0.00  0.67  0.00  0.00  0.00  0.00  0.00  0.00  0.00  0.01
05592500  0.00  0.00  0.00  0.29  0.00  0.16  0.00  0.49  0.03  0.00  0.00  0.00  0.00  0.01  0.00  0.01
05593000  0.00  0.00  0.00  0.34  0.00  0.11  0.00  0.49  0.02  0.00  0.00  0.00  0.00  0.02  0.00  0.01
05594000  0.00  0.00  0.00  0.38  0.00  0.00  0.00  0.59  0.00  0.00  0.02  0.00  0.00  0.00  0.00  0.01
06191500  0.00  0.02  0.52  0.01  0.00  0.12  0.01  0.00  0.10  0.00  0.00  0.00  0.00  0.05  0.05  0.11
06192500  0.00  0.03  0.41  0.01  0.00  0.18  0.01  0.00  0.12  0.00  0.00  0.00  0.00  0.04  0.07  0.13
06225500  0.04  0.00  0.06  0.00  0.00  0.16  0.02  0.00  0.02  0.00  0.00  0.00  0.00  0.00  0.19  0.50
06334500  0.00  0.00  0.06  0.00  0.00  0.08  0.00  0.02  0.04  0.00  0.01  0.30  0.00  0.00  0.29  0.19
06340500  0.00  0.00  0.09  0.03  0.00  0.16  0.00  0.04  0.20  0.00  0.13  0.00  0.00  0.00  0.08  0.27
06359500  0.00  0.00  0.23  0.01  0.00  0.09  0.04  0.02  0.02  0.00  0.01  0.10  0.00  0.00  0.02  0.47
06426500  0.00  0.00  0.14  0.00  0.00  0.12  0.03  0.00  0.25  0.00  0.00  0.00  0.00  0.00  0.37  0.09
06441500  0.00  0.00  0.00  0.00  0.00  0.00  0.00  0.02  0.03  0.00  0.14  0.28  0.00  0.00  0.00  0.51
06446000  0.00  0.02  0.08  0.14  0.00  0.04  0.00  0.01  0.02  0.00  0.02  0.11  0.00  0.00  0.01  0.54
06454500  0.08  0.08  0.47  0.01  0.00  0.02  0.00  0.00  0.00  0.00  0.00  0.00  0.00  0.00  0.02  0.34
06480000  0.00  0.05  0.00  0.22  0.00  0.19  0.00  0.19  0.17  0.00  0.00  0.00  0.00  0.03  0.00  0.14
06600500  0.00  0.00  0.00  0.41  0.00  0.02  0.00  0.56  0.00  0.00  0.00  0.00  0.00  0.00  0.00  0.00
06606600  0.00  0.00  0.00  0.15  0.00  0.37  0.00  0.32  0.11  0.00  0.03  0.00  0.00  0.01  0.00  0.01
06607200  0.00  0.00  0.00  0.58  0.00  0.02  0.00  0.40  0.00  0.00  0.00  0.00  0.00  0.00  0.00  0.00
06609500  0.00  0.00  0.00  0.60  0.00  0.02  0.00  0.37  0.00  0.00  0.00  0.00  0.00  0.00  0.00  0.00
06799500  0.00  0.00  0.00  0.77  0.00  0.00  0.00  0.23  0.00  0.00  0.00  0.00  0.00  0.00  0.00  0.00
06808500  0.00  0.00  0.00  0.46  0.00  0.00  0.00  0.54  0.00  0.00  0.00  0.00  0.00  0.00  0.00  0.00
06810000  0.00  0.00  0.00  0.29  0.00  0.00  0.00  0.71  0.00  0.00  0.00  0.00  0.00  0.00  0.00  0.00
06811500  0.00  0.00  0.00  0.16  0.00  0.00  0.00  0.30  0.22  0.00  0.16  0.15  0.00  0.00  0.00  0.00
06813000  0.00  0.00  0.00  0.06  0.00  0.00  0.00  0.94  0.00  0.00  0.00  0.00  0.00  0.00  0.00  0.00
06815000  0.00  0.00  0.00  0.15  0.00  0.01  0.00  0.11  0.32  0.00  0.09  0.26  0.00  0.00  0.05  0.00
06817000  0.00  0.00  0.00  0.00  0.00  0.01  0.00  0.99  0.00  0.00  0.00  0.00  0.00  0.00  0.00  0.00
06817500  0.00  0.00  0.00  0.00  0.00  0.01  0.00  0.99  0.00  0.00  0.00  0.00  0.00  0.00  0.00  0.00
06820500  0.00  0.00  0.00  0.02  0.00  0.01  0.00  0.84  0.13  0.00  0.00  0.00  0.00  0.00  0.00  0.00
06847000  0.00  0.00  0.00  0.88  0.00  0.00  0.00  0.12  0.00  0.00  0.00  0.00  0.00  0.00  0.00  0.00
06860000  0.00  0.00  0.00  0.77  0.00  0.10  0.00  0.09  0.00  0.00  0.00  0.00  0.00  0.00  0.00  0.03
06868000  0.00  0.00  0.00  0.60  0.00  0.07  0.00  0.17  0.03  0.00  0.06  0.00  0.00  0.00  0.06  0.00
06869500  0.00  0.00  0.00  0.48  0.00  0.07  0.00  0.26  0.02  0.00  0.10  0.00  0.00  0.00  0.07  0.00
06883000  0.04  0.00  0.00  0.60  0.00  0.05  0.00  0.27  0.00  0.00  0.02  0.00  0.00  0.00  0.00  0.02
06884400  0.03  0.00  0.00  0.31  0.00  0.03  0.01  0.45  0.01  0.00  0.11  0.00  0.00  0.00  0.03  0.03
06884500  0.02  0.00  0.00  0.31  0.00  0.03  0.01  0.45  0.01  0.00  0.11  0.00  0.00  0.00  0.03  0.03
06885500  0.00  0.00  0.00  0.01  0.00  0.00  0.00  0.06  0.21  0.00  0.08  0.62  0.00  0.00  0.02  0.00
06888500  0.00  0.00  0.00  0.02  0.00  0.00  0.00  0.22  0.00  0.00  0.40  0.01  0.00  0.00  0.34  0.00
06890500  0.00  0.00  0.00  0.00  0.00  0.00  0.00  0.13  0.38  0.00  0.17  0.32  0.00  0.00  0.00  0.00
06892000  0.00  0.00  0.00  0.02  0.00  0.00  0.00  0.30  0.36  0.00  0.22  0.04  0.00  0.00  0.00  0.06
06894000  0.00  0.00  0.00  0.30  0.00  0.00  0.00  0.60  0.00  0.00  0.09  0.00  0.00  0.01  0.00  0.00
06897500  0.00  0.00  0.00  0.01  0.00  0.04  0.00  0.24  0.71  0.00  0.00  0.00  0.00  0.00  0.00  0.00
06898000  0.00  0.00  0.00  0.05  0.00  0.05  0.00  0.55  0.34  0.00  0.02  0.00  0.00  0.00  0.00  0.00
06899500  0.00  0.00  0.00  0.04  0.00  0.06  0.00  0.35  0.52  0.00  0.02  0.00  0.00  0.00  0.00  0.00
06908000  0.00  0.00  0.03  0.28  0.00  0.02  0.00  0.51  0.00  0.00  0.08  0.02  0.00  0.00  0.05  0.02
06913500  0.00  0.00  0.00  0.04  0.00  0.02  0.00  0.15  0.01  0.00  0.43  0.05  0.00  0.01  0.24  0.05
06914000  0.00  0.00  0.00  0.09  0.00  0.03  0.00  0.08  0.01  0.00  0.51  0.06  0.00  0.00  0.17  0.05
06928000  0.00  0.00  0.00  0.22  0.00  0.00  0.00  0.61  0.00  0.00  0.04  0.11  0.00  0.00  0.03  0.00
06933500  0.00  0.00  0.00  0.27  0.00  0.00  0.00  0.50  0.00  0.00  0.05  0.11  0.00  0.00  0.06  0.00
07019000  0.00  0.00  0.01  0.32  0.00  0.01  0.00  0.37  0.00  0.00  0.18  0.06  0.00  0.00  0.06  0.00
07029500  0.00  0.00  0.17  0.11  0.03  0.21  0.05  0.06  0.27  0.00  0.00  0.05  0.00  0.00  0.00  0.05
07049000  0.00  0.00  0.08  0.12  0.00  0.02  0.02  0.09  0.08  0.00  0.35  0.00  0.00  0.00  0.02  0.22
07052500  0.00  0.00  0.00  0.25  0.00  0.00  0.00  0.54  0.00  0.00  0.06  0.12  0.00  0.00  0.02  0.00
07056000  0.00  0.00  0.09  0.09  0.00  0.04  0.02  0.06  0.09  0.00  0.33  0.01  0.00  0.00  0.05  0.22
07057500  0.00  0.00  0.00  0.35  0.00  0.01  0.00  0.21  0.00  0.00  0.10  0.25  0.00  0.00  0.08  0.00
07058000  0.00  0.00  0.00  0.35  0.00  0.01  0.00  0.21  0.00  0.00  0.11  0.25  0.00  0.00  0.08  0.00
07067000  0.00  0.00  0.00  0.28  0.00  0.00  0.00  0.50  0.00  0.00  0.02  0.19  0.00  0.00  0.01  0.00
07068000  0.00  0.00  0.00  0.29  0.00  0.00  0.00  0.48  0.00  0.00  0.01  0.21  0.00  0.00  0.01  0.00
07069500  0.00  0.00  0.05  0.19  0.00  0.00  0.00  0.00  0.00  0.00  0.00  0.76  0.00  0.00  0.00  0.00
07072000  0.00  0.00  0.00  0.33  0.00  0.00  0.00  0.17  0.00  0.00  0.00  0.50  0.00  0.00  0.00  0.00
07074000  0.00  0.00  0.39  0.12  0.00  0.01  0.00  0.00  0.01  0.00  0.00  0.44  0.00  0.00  0.04  0.00
07144200  0.10  0.00  0.05  0.11  0.00  0.02  0.00  0.25  0.02  0.00  0.43  0.00  0.00  0.00  0.01  0.00
07144780  0.47  0.00  0.26  0.01  0.00  0.06  0.07  0.00  0.12  0.00  0.00  0.00  0.00  0.00  0.01  0.00
07147070  0.00  0.00  0.00  0.03  0.00  0.00  0.00  0.26  0.00  0.00  0.69  0.01  0.00  0.00  0.01  0.00
07147800  0.00  0.00  0.00  0.09  0.00  0.00  0.00  0.21  0.00  0.00  0.44  0.11  0.00  0.00  0.15  0.00
07152000  0.06  0.00  0.17  0.14  0.00  0.09  0.09  0.09  0.08  0.00  0.23  0.02  0.00  0.00  0.02  0.02
07163000  0.00  0.00  0.00  0.13  0.00  0.13  0.00  0.00  0.39  0.00  0.00  0.34  0.00  0.00  0.00  0.00
07172000  0.00  0.00  0.00  0.02  0.00  0.00  0.00  0.16  0.00  0.00  0.36  0.04  0.00  0.00  0.41  0.00
07177500  0.00  0.00  0.16  0.08  0.00  0.00  0.00  0.05  0.01  0.00  0.10  0.17  0.00  0.03  0.34  0.05
07183000  0.00  0.00  0.00  0.06  0.00  0.01  0.00  0.19  0.02  0.00  0.53  0.01  0.00  0.01  0.17  0.01
07186000  0.00  0.00  0.00  0.21  0.00  0.07  0.00  0.20  0.16  0.00  0.12  0.12  0.00  0.00  0.07  0.06
07196500  0.00  0.00  0.01  0.33  0.00  0.00  0.01  0.28  0.01  0.00  0.31  0.01  0.00  0.00  0.01  0.03
07197000  0.00  0.00  0.03  0.30  0.00  0.01  0.02  0.20  0.03  0.00  0.29  0.02  0.00  0.00  0.02  0.07
07211500  0.00  0.00  0.07  0.03  0.00  0.04  0.01  0.19  0.06  0.01  0.09  0.22  0.00  0.00  0.15  0.12
07221000  0.00  0.00  0.01  0.01  0.00  0.15  0.02  0.13  0.27  0.06  0.02  0.11  0.00  0.00  0.18  0.03
07222500  0.00  0.00  0.10  0.00  0.00  0.02  0.11  0.00  0.31  0.00  0.00  0.00  0.00  0.00  0.34  0.11
07243500  0.02  0.00  0.37  0.05  0.00  0.04  0.00  0.00  0.06  0.00  0.03  0.16  0.00  0.00  0.23  0.03
07252000  0.00  0.00  0.10  0.00  0.00  0.03  0.01  0.00  0.13  0.00  0.38  0.00  0.00  0.00  0.01  0.33
07261000  0.00  0.00  0.13  0.02  0.00  0.00  0.35  0.00  0.01  0.00  0.05  0.00  0.00  0.00  0.40  0.03
07288500  0.00  0.00  0.00  0.01  0.00  0.05  0.00  0.36  0.00  0.00  0.27  0.29  0.00  0.01  0.00  0.02
07289500  0.00  0.00  0.12  0.19  0.00  0.23  0.00  0.13  0.27  0.00  0.00  0.03  0.00  0.00  0.00  0.04
07290000  0.00  0.00  0.06  0.53  0.00  0.14  0.00  0.08  0.14  0.00  0.00  0.01  0.00  0.00  0.00  0.02
07307800  0.03  0.00  0.07  0.00  0.00  0.05  0.24  0.02  0.18  0.00  0.00  0.38  0.00  0.00  0.00  0.03
07340000  0.00  0.00  0.06  0.08  0.00  0.20  0.03  0.05  0.03  0.00  0.01  0.17  0.00  0.01  0.34  0.01
07346000  0.06  0.00  0.19  0.03  0.00  0.04  0.35  0.01  0.05  0.00  0.02  0.10  0.00  0.06  0.00  0.11
07346050  0.06  0.00  0.24  0.08  0.00  0.06  0.49  0.04  0.01  0.00  0.00  0.02  0.00  0.00  0.00  0.01
07346070  0.07  0.00  0.25  0.07  0.00  0.05  0.52  0.02  0.00  0.00  0.00  0.01  0.00  0.00  0.00  0.00
07348000  0.12  0.00  0.26  0.05  0.00  0.05  0.27  0.03  0.03  0.00  0.02  0.10  0.00  0.03  0.00  0.04
07363500  0.00  0.00  0.08  0.33  0.00  0.13  0.03  0.11  0.01  0.00  0.00  0.19  0.00  0.00  0.12  0.00
07375500  0.00  0.00  0.07  0.41  0.04  0.10  0.22  0.02  0.13  0.00  0.00  0.00  0.00  0.00  0.00  0.00
07378000  0.00  0.00  0.01  0.64  0.01  0.06  0.02  0.09  0.09  0.00  0.00  0.09  0.00  0.00  0.00  0.00
07378500  0.00  0.00  0.01  0.56  0.04  0.11  0.04  0.15  0.05  0.00  0.00  0.04  0.00  0.00  0.00  0.00
08013500  0.01  0.00  0.11  0.54  0.00  0.01  0.08  0.04  0.00  0.00  0.01  0.15  0.00  0.00  0.00  0.05
08015500  0.03  0.00  0.09  0.63  0.00  0.01  0.05  0.05  0.00  0.00  0.01  0.11  0.00  0.00  0.00  0.02
08032000  0.32  0.00  0.24  0.02  0.00  0.07  0.05  0.00  0.03  0.00  0.00  0.11  0.00  0.03  0.00  0.13
08033500  0.16  0.00  0.29  0.01  0.00  0.18  0.02  0.03  0.02  0.00  0.00  0.14  0.00  0.01  0.01  0.13
08055500  0.00  0.00  0.09  0.00  0.00  0.00  0.04  0.01  0.09  0.09  0.04  0.52  0.00  0.02  0.09  0.01
08085500  0.03  0.00  0.05  0.00  0.00  0.12  0.07  0.01  0.08  0.00  0.06  0.44  0.00  0.00  0.06  0.08
08095000  0.01  0.00  0.05  0.00  0.00  0.06  0.09  0.09  0.11  0.01  0.07  0.20  0.00  0.00  0.28  0.03
08103800  0.00  0.00  0.00  0.00  0.00  0.35  0.00  0.05  0.27  0.00  0.04  0.04  0.00  0.00  0.13  0.11
08146000  0.00  0.00  0.01  0.00  0.00  0.07  0.01  0.00  0.08  0.00  0.01  0.23  0.00  0.00  0.37  0.21
08150000  0.00  0.00  0.00  0.00  0.00  0.03  0.00  0.00  0.02  0.00  0.00  0.21  0.00  0.00  0.44  0.30
08150700  0.00  0.00  0.02  0.00  0.00  0.04  0.05  0.00  0.02  0.00  0.00  0.17  0.00  0.00  0.42  0.29
08167500  0.00  0.00  0.00  0.00  0.00  0.11  0.00  0.00  0.09  0.00  0.02  0.16  0.00  0.00  0.42  0.19
08171000  0.00  0.00  0.00  0.00  0.00  0.26  0.00  0.00  0.34  0.00  0.02  0.02  0.00  0.00  0.33  0.03
08171300  0.00  0.00  0.00  0.00  0.00  0.24  0.00  0.00  0.31  0.00  0.03  0.05  0.00  0.00  0.35  0.03
08172000  0.00  0.00  0.01  0.00  0.00  0.12  0.00  0.04  0.17  0.00  0.01  0.37  0.00  0.00  0.27  0.01
08189500  0.03  0.00  0.02  0.00  0.00  0.01  0.81  0.00  0.02  0.02  0.00  0.05  0.00  0.00  0.00  0.02
08205500  0.00  0.00  0.03  0.00  0.00  0.02  0.10  0.01  0.28  0.00  0.02  0.24  0.00  0.00  0.20  0.11
08340500  0.01  0.10  0.20  0.00  0.00  0.03  0.13  0.02  0.03  0.00  0.00  0.03  0.00  0.00  0.15  0.30
09127998  0.00  0.04  0.15  0.00  0.00  0.15  0.06  0.00  0.22  0.00  0.00  0.08  0.00  0.00  0.14  0.15
09132500  0.00  0.01  0.00  0.00  0.00  0.28  0.00  0.00  0.39  0.00  0.00  0.09  0.00  0.00  0.00  0.22
09251000  0.02  0.01  0.36  0.00  0.00  0.14  0.10  0.00  0.23  0.00  0.00  0.02  0.00  0.00  0.07  0.05
09292500  0.00  0.36  0.41  0.00  0.00  0.00  0.00  0.00  0.00  0.00  0.00  0.00  0.00  0.00  0.18  0.05
09299500  0.00  0.37  0.41  0.00  0.00  0.01  0.02  0.00  0.02  0.00  0.00  0.00  0.00  0.00  0.14  0.04
09430500  0.00  0.00  0.06  0.00  0.00  0.12  0.01  0.00  0.29  0.11  0.00  0.05  0.00  0.00  0.34  0.03
09431500  0.00  0.00  0.06  0.00  0.00  0.12  0.04  0.00  0.23  0.10  0.00  0.10  0.00  0.00  0.31  0.03
09442692  0.02  0.00  0.34  0.00  0.00  0.11  0.03  0.00  0.37  0.00  0.00  0.13  0.00  0.00  0.00  0.01
09444500  0.05  0.01  0.14  0.00  0.00  0.10  0.04  0.01  0.24  0.15  0.00  0.12  0.00  0.00  0.11  0.02
09497500  0.00  0.00  0.14  0.01  0.00  0.06  0.04  0.01  0.15  0.07  0.00  0.21  0.00  0.00  0.25  0.06
10296000  0.00  0.00  0.47  0.00  0.00  0.02  0.02  0.00  0.00  0.00  0.00  0.00  0.00  0.00  0.18  0.31
10296500  0.01  0.00  0.42  0.00  0.00  0.04  0.02  0.00  0.00  0.00  0.00  0.01  0.00  0.00  0.25  0.25
10301500  0.01  0.00  0.18  0.00  0.00  0.03  0.01  0.00  0.04  0.00  0.00  0.05  0.00  0.00  0.35  0.32
10309000  0.04  0.00  0.22  0.00  0.00  0.10  0.00  0.00  0.00  0.00  0.00  0.03  0.00  0.00  0.38  0.22
10312000  0.05  0.00  0.14  0.00  0.00  0.04  0.00  0.00  0.03  0.00  0.00  0.07  0.00  0.00  0.37  0.29
11025500  0.00  0.00  0.31  0.00  0.00  0.08  0.08  0.00  0.02  0.00  0.00  0.00  0.00  0.00  0.43  0.08
11080500  0.00  0.00  0.13  0.00  0.00  0.02  0.00  0.00  0.00  0.00  0.00  0.00  0.00  0.00  0.67  0.19
11138500  0.00  0.00  0.09  0.00  0.00  0.13  0.00  0.00  0.10  0.00  0.00  0.00  0.00  0.00  0.66  0.02
11160000  0.00  0.00  0.45  0.00  0.00  0.03  0.01  0.00  0.11  0.00  0.00  0.01  0.00  0.00  0.39  0.01
11210500  0.01  0.01  0.29  0.00  0.00  0.09  0.19  0.00  0.00  0.00  0.00  0.00  0.00  0.00  0.13  0.28
11213500  0.01  0.02  0.19  0.00  0.00  0.02  0.07  0.00  0.01  0.00  0.00  0.00  0.00  0.00  0.14  0.54
11222000  0.04  0.06  0.21  0.00  0.00  0.06  0.08  0.00  0.01  0.00  0.00  0.00  0.00  0.01  0.17  0.37
11224500  0.00  0.00  0.00  0.00  0.00  0.00  0.00  0.00  0.09  0.00  0.13  0.19  0.00  0.00  0.58  0.01
11281000  0.00  0.00  0.31  0.00  0.00  0.07  0.27  0.00  0.05  0.00  0.00  0.00  0.00  0.00  0.10  0.20
11342000  0.00  0.00  0.31  0.00  0.00  0.09  0.00  0.00  0.01  0.00  0.00  0.16  0.00  0.00  0.41  0.02
11355500  0.00  0.00  0.42  0.00  0.00  0.30  0.02  0.00  0.00  0.00  0.00  0.00  0.00  0.00  0.06  0.19
11401500  0.04  0.04  0.12  0.00  0.00  0.41  0.00  0.00  0.01  0.00  0.00  0.00  0.00  0.00  0.30  0.06
11403000  0.03  0.03  0.18  0.00  0.00  0.33  0.00  0.00  0.05  0.00  0.00  0.00  0.00  0.00  0.31  0.06
11413000  0.00  0.00  0.32  0.06  0.00  0.07  0.00  0.00  0.03  0.00  0.00  0.00  0.00  0.00  0.38  0.14
11427000  0.00  0.00  0.14  0.05  0.00  0.15  0.00  0.00  0.16  0.00  0.00  0.00  0.00  0.00  0.33  0.17
11497500  0.21  0.00  0.11  0.00  0.00  0.14  0.00  0.03  0.06  0.00  0.01  0.11  0.00  0.00  0.19  0.14
11501000  0.30  0.01  0.10  0.00  0.01  0.11  0.00  0.04  0.07  0.00  0.01  0.04  0.00  0.00  0.15  0.15
11530000  0.00  0.00  0.27  0.00  0.00  0.11  0.01  0.00  0.08  0.00  0.00  0.06  0.00  0.01  0.44  0.01
11532500  0.00  0.00  0.01  0.00  0.00  0.14  0.00  0.00  0.43  0.00  0.00  0.02  0.00  0.00  0.39  0.00
12027500  0.03  0.00  0.01  0.37  0.00  0.21  0.00  0.23  0.04  0.00  0.09  0.00  0.00  0.00  0.02  0.00
12098500  0.03  0.22  0.20  0.06  0.00  0.14  0.00  0.00  0.00  0.00  0.00  0.00  0.00  0.00  0.05  0.29
12134500  0.00  0.09  0.18  0.03  0.00  0.13  0.00  0.00  0.00  0.00  0.00  0.00  0.00  0.00  0.00  0.57
12144500  0.09  0.11  0.20  0.05  0.00  0.16  0.00  0.00  0.00  0.00  0.00  0.00  0.00  0.00  0.00  0.39
12149000  0.09  0.07  0.16  0.05  0.00  0.23  0.00  0.00  0.00  0.00  0.00  0.00  0.00  0.00  0.01  0.37
12340000  0.00  0.05  0.29  0.03  0.00  0.32  0.02  0.00  0.20  0.00  0.00  0.02  0.00  0.00  0.00  0.05
12358500  0.00  0.00  0.32  0.09  0.00  0.01  0.08  0.00  0.00  0.00  0.00  0.00  0.00  0.01  0.00  0.47
12413000  0.00  0.03  0.47  0.32  0.00  0.18  0.00  0.00  0.00  0.00  0.00  0.00  0.00  0.00  0.00  0.00
12413500  0.00  0.04  0.37  0.34  0.00  0.25  0.00  0.00  0.00  0.00  0.00  0.00  0.00  0.00  0.00  0.00
12449500  0.02  0.01  0.18  0.04  0.00  0.62  0.00  0.00  0.00  0.00  0.00  0.00  0.00  0.00  0.00  0.14
12449950  0.02  0.01  0.28  0.04  0.00  0.53  0.00  0.00  0.00  0.00  0.00  0.00  0.00  0.00  0.00  0.12
12459000  0.02  0.00  0.58  0.00  0.00  0.01  0.00  0.00  0.06  0.00  0.00  0.00  0.00  0.00  0.00  0.32
12462500  0.02  0.00  0.55  0.02  0.00  0.01  0.00  0.00  0.12  0.00  0.00  0.00  0.00  0.00  0.01  0.27
13186000  0.00  0.09  0.36  0.00  0.00  0.03  0.00  0.00  0.02  0.00  0.00  0.00  0.00  0.00  0.23  0.28
13200000  0.21  0.69  0.01  0.00  0.00  0.02  0.00  0.00  0.02  0.00  0.00  0.00  0.00  0.00  0.04  0.01
13298500  0.01  0.19  0.10  0.01  0.00  0.22  0.00  0.00  0.09  0.00  0.00  0.03  0.00  0.00  0.02  0.33
13302500  0.01  0.16  0.19  0.01  0.00  0.25  0.00  0.00  0.07  0.00  0.00  0.03  0.00  0.00  0.03  0.25
13336500  0.00  0.07  0.13  0.19  0.00  0.41  0.00  0.00  0.00  0.00  0.00  0.00  0.00  0.00  0.10  0.11
13337000  0.01  0.14  0.37  0.20  0.00  0.10  0.00  0.00  0.00  0.00  0.00  0.00  0.00  0.00  0.02  0.16
13340500  0.00  0.00  0.38  0.31  0.00  0.18  0.00  0.00  0.00  0.00  0.00  0.00  0.00  0.00  0.00  0.13
13340600  0.00  0.00  0.31  0.33  0.00  0.22  0.00  0.00  0.00  0.00  0.00  0.00  0.00  0.00  0.00  0.14
13351000  0.07  0.00  0.01  0.73  0.00  0.05  0.00  0.07  0.00  0.00  0.00  0.00  0.00  0.00  0.07  0.00
14080500  0.03  0.05  0.00  0.04  0.00  0.13  0.00  0.01  0.13  0.00  0.00  0.11  0.00  0.00  0.41  0.09
14101500  0.00  0.00  0.21  0.02  0.00  0.41  0.00  0.00  0.08  0.00  0.00  0.01  0.00  0.00  0.24  0.03
14113000  0.00  0.00  0.36  0.04  0.00  0.37  0.00  0.01  0.16  0.00  0.00  0.00  0.00  0.00  0.04  0.01
14232500  0.12  0.14  0.43  0.04  0.00  0.25  0.00  0.00  0.00  0.00  0.00  0.00  0.00  0.00  0.03  0.00
14233400  0.11  0.22  0.33  0.06  0.00  0.17  0.00  0.01  0.00  0.00  0.01  0.00  0.00  0.00  0.05  0.04
14308000  0.00  0.00  0.00  0.00  0.00  0.52  0.00  0.00  0.19  0.00  0.00  0.06  0.00  0.00  0.23  0.00
14321000  0.00  0.00  0.06  0.01  0.00  0.37  0.00  0.05  0.15  0.00  0.02  0.05  0.00  0.00  0.29  0.00
14359000  0.01  0.00  0.12  0.00  0.00  0.28  0.00  0.00  0.11  0.00  0.00  0.16  0.00  0.00  0.31  0.00
