01048000  0.04  0.06  0.87  0.02  0.00  0.00  0.00  0.01  0.00  0.00  0.00  0.00  0.00  0.00  0.00  0.00
01055500  0.07  0.30  0.64  0.00  0.00  0.00  0.00  0.00  0.00  0.00  0.00  0.00  0.00  0.00  0.00  0.00
01060000  0.10  0.12  0.29  0.28  0.00  0.00  0.00  0.11  0.00  0.00  0.00  0.10  0.00  0.00  0.00  0.00
01064500  0.20  0.12  0.56  0.02  0.00  0.00  0.00  0.00  0.00  0.00  0.00  0.00  0.00  0.00  0.07  0.02
01076500  0.10  0.28  0.44  0.03  0.00  0.00  0.00  0.00  0.00  0.00  0.00  0.00  0.00  0.00  0.13  0.02
01127000  0.00  0.03  0.87  0.00  0.00  0.00  0.00  0.00  0.00  0.00  0.00  0.00  0.00  0.00  0.00  0.09
01138000  0.01  0.16  0.69  0.05  0.00  0.00  0.00  0.00  0.00  0.00  0.00  0.00  0.00  0.00  0.08  0.01
01197500  0.00  0.00  0.30  0.25  0.00  0.27  0.00  0.00  0.00  0.00  0.00  0.00  0.00  0.01  0.16  0.02
01200000  0.05  0.00  0.27  0.25  0.00  0.33  0.00  0.00  0.00  0.00  0.00  0.00  0.00  0.00  0.09  0.00
01321000  0.01  0.01  0.69  0.05  0.00  0.00  0.00  0.00  0.00  0.00  0.00  0.00  0.03  0.02  0.18  0.00
01329000  0.00  0.00  0.39  0.33  0.00  0.19  0.00  0.00  0.00  0.00  0.00  0.00  0.00  0.00  0.07  0.03
01329500  0.04  0.00  0.21  0.51  0.00  0.08  0.00  0.02  0.00  0.00  0.00  0.07  0.00  0.00  0.06  0.01
01334500  0.02  0.00  0.20  0.33  0.00  0.28  0.00  0.00  0.00  0.00  0.00  0.01  0.00  0.00  0.15  0.01
01348000  0.04  0.02  0.52  0.13  0.00  0.21  0.00  0.00  0.00  0.00  0.00  0.00  0.03  0.01  0.04  0.00
01361000  0.08  0.00  0.13  0.45  0.00  0.22  0.00  0.00  0.00  0.00  0.00  0.00  0.00  0.00  0.11  0.00
01371500  0.04  0.00  0.17  0.46  0.00  0.14  0.00  0.01  0.03  0.00  0.00  0.00  0.07  0.00  0.06  0.01
01372500  0.06  0.00  0.08  0.72  0.00  0.11  0.00  0.00  0.00  0.00  0.00  0.00  0.00  0.00  0.03  0.00
01421000  0.00  0.00  0.04  0.28  0.00  0.49  0.00  0.00  0.00  0.00  0.00  0.00  0.00  0.01  0.17  0.01
01423000  0.00  0.00  0.08  0.40  0.00  0.41  0.00  0.00  0.00  0.00  0.00  0.00  0.00  0.00  0.11  0.00
01426500  0.00  0.00  0.05  0.42  0.00  0.41  0.00  0.00  0.00  0.00  0.00  0.00  0.00  0.01  0.10  0.00
01445000  0.00  0.00  0.32  0.08  0.00  0.27  0.00  0.00  0.21  0.00  0.00  0.00  0.01  0.00  0.05  0.06
01445500  0.00  0.00  0.66  0.02  0.00  0.15  0.00  0.00  0.10  0.00  0.00  0.00  0.00  0.04  0.00  0.03
01500500  0.00  0.00  0.02  0.66  0.00  0.22  0.00  0.00  0.00  0.00  0.00  0.00  0.00  0.01  0.06  0.03
01503000  0.00  0.00  0.01  0.68  0.00  0.25  0.00  0.00  0.00  0.00  0.00  0.00  0.00  0.00  0.03  0.01
01512500  0.01  0.00  0.00  0.82  0.00  0.15  0.00  0.00  0.00  0.00  0.00  0.00  0.01  0.00  0.01  0.00
01514000  0.00  0.00  0.00  0.95  0.00  0.05  0.00  0.00  0.00  0.00  0.00  0.00  0.00  0.00  0.00  0.00
01518000  0.00  0.00  0.01  0.73  0.00  0.18  0.00  0.00  0.00  0.00  0.00  0.00  0.00  0.00  0.05  0.02
01520000  0.00  0.00  0.01  0.74  0.00  0.18  0.00  0.00  0.00  0.00  0.00  0.00  0.00  0.00  0.05  0.02
01520500  0.00  0.00  0.00  0.62  0.00  0.31  0.00  0.00  0.00  0.00  0.00  0.00  0.00  0.00  0.04  0.03
01531000  0.00  0.00  0.00  0.76  0.00  0.20  0.00  0.00  0.00  0.00  0.00  0.00  0.00  0.00  0.02  0.01
01534000  0.00  0.00  0.00  0.33  0.00  0.66  0.00  0.00  0.00  0.00  0.00  0.00  0.00  0.00  0.01  0.00
01541000  0.00  0.00  0.16  0.26  0.00  0.46  0.00  0.01  0.00  0.00  0.00  0.00  0.00  0.00  0.12  0.00
01541500  0.00  0.00  0.21  0.26  0.00  0.41  0.00  0.03  0.00  0.00  0.00  0.00  0.00  0.01  0.09  0.00
01543500  0.00  0.00  0.15  0.31  0.00  0.53  0.00  0.00  0.00  0.00  0.00  0.00  0.00  0.00  0.01  0.00
01548500  0.00  0.00  0.12  0.42  0.00  0.39  0.00  0.00  0.00  0.00  0.00  0.00  0.00  0.00  0.04  0.04
01556000  0.00  0.00  0.35  0.24  0.00  0.28  0.00  0.00  0.00  0.00  0.00  0.09  0.00  0.00  0.04  0.00
01558000  0.00  0.00  0.35  0.23  0.00  0.30  0.00  0.00  0.00  0.00  0.00  0.09  0.00  0.00  0.03  0.00
01559000  0.00  0.00  0.36  0.19  0.00  0.23  0.00  0.01  0.00  0.00  0.03  0.16  0.00  0.00  0.03  0.00
01560000  0.00  0.00  0.17  0.39  0.00  0.31  0.00  0.04  0.00  0.00  0.00  0.01  0.00  0.00  0.08  0.00
01562000  0.00  0.00  0.24  0.30  0.00  0.29  0.00  0.04  0.00  0.00  0.00  0.08  0.00  0.00  0.05  0.00
01567000  0.00  0.00  0.29  0.23  0.00  0.28  0.00  0.02  0.00  0.00  0.04  0.08  0.00  0.00  0.06  0.00
01574000  0.00  0.00  0.05  0.89  0.00  0.01  0.00  0.01  0.00  0.00  0.00  0.04  0.00  0.00  0.00  0.01
01595000  0.00  0.00  0.07  0.53  0.00  0.20  0.00  0.00  0.00  0.00  0.00  0.00  0.00  0.00  0.18  0.02
01606500  0.00  0.04  0.38  0.13  0.00  0.27  0.00  0.07  0.00  0.00  0.00  0.00  0.00  0.00  0.09  0.01
01608500  0.00  0.05  0.29  0.17  0.00  0.34  0.00  0.04  0.00  0.00  0.00  0.00  0.00  0.00  0.10  0.01
01610000  0.00  0.02  0.22  0.26  0.00  0.33  0.00  0.03  0.01  0.00  0.00  0.00  0.00  0.00  0.10  0.02
01611500  0.00  0.11  0.39  0.09  0.00  0.27  0.00  0.00  0.00  0.00  0.00  0.00  0.00  0.00  0.07  0.08
01628500  0.00  0.00  0.15  0.17  0.00  0.23  0.00  0.08  0.00  0.00  0.01  0.27  0.00  0.00  0.09  0.00
01631000  0.00  0.00  0.17  0.20  0.00  0.24  0.00  0.08  0.01  0.00  0.01  0.20  0.00  0.00  0.10  0.00
01634000  0.00  0.00  0.15  0.14  0.00  0.27  0.00  0.05  0.00  0.00  0.01  0.24  0.00  0.00  0.13  0.00
01643000  0.00  0.00  0.09  0.64  0.00  0.10  0.00  0.06  0.00  0.02  0.00  0.04  0.00  0.00  0.00  0.05
01649500  0.00  0.02  0.14  0.23  0.00  0.16  0.22  0.16  0.00  0.00  0.00  0.07  0.00  0.00  0.00  0.00
01663500  0.00  0.00  0.05  0.31  0.00  0.05  0.02  0.00  0.50  0.00  0.00  0.00  0.00  0.00  0.07  0.00
01664000  0.00  0.00  0.06  0.24  0.00  0.06  0.02  0.00  0.56  0.00  0.00  0.00  0.00  0.00  0.05  0.00
01667500  0.00  0.00  0.04  0.38  0.00  0.04  0.01  0.00  0.42  0.00  0.00  0.05  0.00  0.00  0.05  0.00
01668000  0.00  0.00  0.05  0.35  0.00  0.04  0.02  0.09  0.36  0.01  0.00  0.05  0.00  0.00  0.04  0.00
01672500  0.00  0.03  0.15  0.07  0.00  0.02  0.05  0.24  0.07  0.20  0.00  0.18  0.00  0.00  0.00  0.00
01674500  0.00  0.01  0.30  0.02  0.00  0.02  0.36  0.08  0.00  0.16  0.00  0.04  0.00  0.00  0.00  0.00
02016000  0.00  0.00  0.35  0.08  0.00  0.30  0.00  0.09  0.00  0.00  0.00  0.00  0.00  0.00  0.18  0.00
02018000  0.00  0.00  0.45  0.08  0.00  0.23  0.00  0.05  0.00  0.00  0.00  0.04  0.00  0.00  0.15  0.00
02030500  0.00  0.05  0.00  0.02  0.00  0.10  0.00  0.22  0.00  0.00  0.00  0.60  0.00  0.00  0.00  0.00
02055000  0.00  0.00  0.05  0.14  0.00  0.22  0.00  0.07  0.10  0.00  0.02  0.31  0.00  0.00  0.10  0.00
02058400  0.00  0.00  0.15  0.00  0.00  0.03  0.08  0.01  0.13  0.00  0.00  0.58  0.00  0.00  0.00  0.02
02083500  0.09  0.10  0.23  0.02  0.00  0.06  0.00  0.06  0.04  0.12  0.00  0.26  0.00  0.00  0.00  0.01
02102000  0.00  0.06  0.07  0.13  0.00  0.01  0.01  0.38  0.08  0.04  0.00  0.14  0.00  0.00  0.00  0.07
02116500  0.00  0.01  0.10  0.01  0.00  0.13  0.01  0.07  0.08  0.17  0.00  0.29  0.00  0.00  0.04  0.09
02118000  0.00  0.00  0.03  0.00  0.00  0.15  0.00  0.00  0.18  0.17  0.00  0.47  0.00  0.00  0.00  0.00
02121000  0.00  0.01  0.08  0.01  0.00  0.14  0.01  0.05  0.09  0.14  0.00  0.38  0.00  0.00  0.03  0.06
02126000  0.00  0.05  0.04  0.15  0.00  0.03  0.00  0.38  0.12  0.00  0.00  0.12  0.00  0.00  0.00  0.10
02135000  0.09  0.25  0.42  0.00  0.00  0.04  0.09  0.00  0.03  0.00  0.00  0.04  0.00  0.00  0.00  0.02
02138500  0.00  0.00  0.07  0.00  0.00  0.80  0.00  0.00  0.02  0.00  0.00  0.05  0.00  0.00  0.05  0.01
02143000  0.00  0.00  0.07  0.00  0.00  0.06  0.00  0.03  0.32  0.32  0.00  0.11  0.00  0.00  0.00  0.11
02143040  0.00  0.00  0.03  0.00  0.00  0.14  0.00  0.03  0.56  0.00  0.00  0.12  0.00  0.00  0.00  0.12
02143500  0.00  0.00  0.01  0.00  0.00  0.18  0.00  0.00  0.02  0.07  0.00  0.72  0.00  0.00  0.00  0.00
02156500  0.00  0.00  0.13  0.02  0.00  0.09  0.01  0.03  0.12  0.20  0.00  0.30  0.00  0.00  0.02  0.09
02165000  0.00  0.00  0.18  0.00  0.00  0.02  0.04  0.00  0.01  0.00  0.00  0.74  0.00  0.00  0.00  0.01
02174000  0.46  0.16  0.09  0.00  0.00  0.02  0.20  0.00  0.00  0.04  0.00  0.01  0.00  0.00  0.00  0.01
02192000  0.00  0.01  0.20  0.00  0.00  0.01  0.05  0.01  0.00  0.00  0.00  0.72  0.00  0.00  0.00  0.00
02202000  0.04  0.22  0.10  0.02  0.00  0.02  0.43  0.01  0.01  0.00  0.00  0.16  0.00  0.00  0.00  0.01
02202500  0.06  0.26  0.11  0.02  0.00  0.02  0.39  0.00  0.01  0.00  0.00  0.13  0.00  0.00  0.00  0.00
02217500  0.00  0.00  0.20  0.00  0.00  0.00  0.04  0.00  0.00  0.00  0.00  0.76  0.00  0.00  0.00  0.00
02218500  0.00  0.00  0.20  0.00  0.00  0.00  0.04  0.00  0.00  0.00  0.00  0.75  0.00  0.00  0.00  0.00
02219500  0.00  0.00  0.20  0.00  0.00  0.00  0.07  0.00  0.00  0.00  0.00  0.73  0.00  0.00  0.00  0.00
02228000  0.16  0.49  0.11  0.00  0.00  0.00  0.23  0.00  0.00  0.00  0.00  0.00  0.01  0.00  0.00  0.00
02236000  0.77  0.00  0.06  0.00  0.00  0.00  0.01  0.00  0.00  0.00  0.00  0.00  0.13  0.03  0.00  0.00
02273000  0.80  0.00  0.02  0.00  0.00  0.00  0.00  0.00  0.00  0.00  0.00  0.00  0.09  0.09  0.00  0.00
02296750  0.91  0.00  0.02  0.00  0.00  0.00  0.00  0.00  0.00  0.00  0.00  0.00  0.05  0.03  0.00  0.00
02329000  0.07  0.35  0.11  0.00  0.00  0.00  0.46  0.00  0.00  0.00  0.00  0.00  0.00  0.01  0.00  0.00
02339500  0.00  0.04  0.14  0.00  0.00  0.06  0.05  0.00  0.00  0.00  0.00  0.54  0.00  0.03  0.10  0.03
02347500  0.00  0.01  0.20  0.00  0.00  0.01  0.10  0.00  0.01  0.02  0.00  0.61  0.00  0.00  0.04  0.01
02349500  0.05  0.11  0.15  0.01  0.00  0.01  0.20  0.00  0.01  0.01  0.00  0.41  0.00  0.00  0.03  0.02
02365500  0.01  0.41  0.27  0.00  0.00  0.00  0.26  0.00  0.04  0.00  0.00  0.00  0.02  0.00  0.00  0.00
02375500  0.01  0.06  0.31  0.04  0.00  0.03  0.27  0.00  0.28  0.00  0.00  0.00  0.00  0.00  0.00  0.00
02383500  0.00  0.00  0.14  0.11  0.00  0.17  0.01  0.03  0.08  0.00  0.00  0.07  0.00  0.01  0.04  0.34
02387000  0.00  0.00  0.04  0.25  0.00  0.12  0.00  0.18  0.10  0.00  0.00  0.11  0.00  0.00  0.03  0.16
02387500  0.00  0.00  0.09  0.18  0.00  0.14  0.00  0.10  0.09  0.00  0.00  0.09  0.00  0.00  0.03  0.26
02414500  0.00  0.00  0.12  0.02  0.00  0.27  0.04  0.00  0.01  0.00  0.00  0.45  0.00  0.00  0.00  0.09
02437000  0.00  0.00  0.15  0.02  0.00  0.10  0.05  0.04  0.39  0.00  0.04  0.20  0.00  0.00  0.00  0.00
02448000  0.00  0.00  0.08  0.17  0.00  0.05  0.00  0.09  0.07  0.00  0.20  0.28  0.00  0.00  0.00  0.06
02456500  0.00  0.00  0.33  0.19  0.00  0.06  0.00  0.09  0.03  0.00  0.00  0.01  0.00  0.00  0.11  0.17
02472000  0.00  0.00  0.24  0.00  0.00  0.08  0.11  0.01  0.24  0.00  0.05  0.26  0.00  0.00  0.00  0.00
02475000  0.02  0.02  0.33  0.05  0.00  0.16  0.07  0.01  0.15  0.00  0.02  0.18  0.00  0.00  0.00  0.00
02475500  0.00  0.03  0.15  0.02  0.00  0.13  0.09  0.01  0.37  0.00  0.01  0.17  0.00  0.00  0.02  0.00
02478500  0.00  0.01  0.31  0.02  0.00  0.08  0.05  0.04  0.23  0.00  0.01  0.22  0.00  0.00  0.01  0.00
02479300  0.00  0.00  0.76  0.00  0.00  0.14  0.01  0.00  0.00  0.00  0.00  0.09  0.00  0.00  0.00  0.00
02482000  0.00  0.03  0.10  0.20  0.00  0.03  0.02  0.03  0.11  0.00  0.00  0.46  0.00  0.00  0.01  0.00
02486000  0.00  0.01  0.13  0.21  0.00  0.04  0.02  0.03  0.27  0.00  0.10  0.17  0.00  0.01  0.00  0.00
02492000  0.00  0.00  0.15  0.23  0.02  0.16  0.14  0.11  0.19  0.00  0.00  0.00  0.00  0.00  0.00  0.00
03010500  0.00  0.00  0.21  0.50  0.00  0.29  0.00  0.01  0.00  0.00  0.00  0.00  0.00  0.00  0.00  0.00
03011020  0.00  0.00  0.09  0.57  0.00  0.31  0.00  0.00  0.00  0.00  0.00  0.00  0.00  0.00  0.02  0.01
03020500  0.00  0.00  0.02  0.55  0.00  0.42  0.00  0.00  0.00  0.00  0.00  0.00  0.00  0.00  0.00  0.00
03024000  0.00  0.00  0.04  0.80  0.00  0.15  0.00  0.00  0.00  0.00  0.00  0.00  0.00  0.00  0.00  0.00
03032500  0.00  0.00  0.11  0.26  0.00  0.42  0.00  0.09  0.00  0.00  0.00  0.00  0.00  0.00  0.11  0.00
03050500  0.00  0.00  0.00  0.30  0.00  0.34  0.00  0.25  0.00  0.00  0.00  0.00  0.00  0.00  0.12  0.00
03051000  0.00  0.00  0.00  0.27  0.00  0.39  0.00  0.20  0.00  0.00  0.00  0.00  0.00  0.00  0.14  0.00
03054500  0.00  0.00  0.00  0.25  0.00  0.49  0.00  0.09  0.00  0.00  0.00  0.00  0.00  0.00  0.17  0.00
03065000  0.00  0.00  0.17  0.26  0.00  0.15  0.00  0.31  0.00  0.00  0.00  0.00  0.00  0.00  0.04  0.08
03069000  0.00  0.00  0.14  0.28  0.00  0.23  0.00  0.21  0.00  0.00  0.00  0.00  0.00  0.00  0.10  0.04
03069500  0.00  0.00  0.20  0.27  0.00  0.17  0.00  0.23  0.00  0.00  0.01  0.00  0.00  0.00  0.05  0.07
03070000  0.00  0.00  0.16  0.28  0.00  0.23  0.00  0.18  0.00  0.00  0.01  0.00  0.00  0.00  0.05  0.10
03075500  0.00  0.00  0.18  0.23  0.00  0.36  0.05  0.00  0.00  0.00  0.00  0.00  0.00  0.00  0.05  0.13
03079000  0.00  0.00  0.12  0.21  0.00  0.48  0.05  0.00  0.00  0.00  0.00  0.00  0.00  0.00  0.13  0.00
03109500  0.00  0.00  0.00  0.24  0.00  0.70  0.00  0.04  0.01  0.00  0.00  0.00  0.00  0.00  0.02  0.00
03111500  0.00  0.00  0.00  0.21  0.00  0.22  0.00  0.41  0.00  0.00  0.03  0.06  0.00  0.00  0.07  0.00
03114500  0.00  0.00  0.00  0.21  0.00  0.58  0.00  0.03  0.00  0.00  0.00  0.00  0.00  0.00  0.18  0.00
03136000  0.00  0.00  0.00  0.35  0.00  0.34  0.00  0.20  0.11  0.00  0.00  0.00  0.00  0.00  0.00  0.00
03155500  0.00  0.00  0.00  0.28  0.00  0.54  0.00  0.00  0.00  0.00  0.00  0.00  0.00  0.00  0.18  0.00
03159500  0.00  0.00  0.01  0.23  0.00  0.01  0.00  0.46  0.18  0.00  0.07  0.02  0.00  0.00  0.00  0.02
03161000  0.00  0.00  0.10  0.00  0.00  0.73  0.00  0.15  0.00  0.00  0.00  0.02  0.00  0.00  0.00  0.00
03164000  0.00  0.00  0.12  0.03  0.00  0.44  0.00  0.09  0.30  0.00  0.00  0.01  0.00  0.00  0.01  0.00
03165500  0.00  0.00  0.13  0.04  0.00  0.39  0.00  0.08  0.33  0.00  0.00  0.01  0.00  0.00  0.02  0.00
03167000  0.00  0.00  0.03  0.20  0.00  0.21  0.00  0.10  0.00  0.00  0.00  0.37  0.00  0.00  0.08  0.00
03168000  0.00  0.00  0.12  0.10  0.00  0.29  0.00  0.08  0.27  0.00  0.00  0.09  0.00  0.00  0.05  0.00
03173000  0.00  0.00  0.12  0.13  0.00  0.28  0.00  0.20  0.00  0.00  0.00  0.18  0.00  0.00  0.09  0.00
03175500  0.00  0.00  0.28  0.11  0.00  0.17  0.00  0.21  0.00  0.00  0.00  0.11  0.00  0.00  0.11  0.00
03179000  0.00  0.00  0.00  0.16  0.00  0.32  0.00  0.34  0.00  0.00  0.00  0.06  0.00  0.00  0.01  0.11
03180500  0.00  0.00  0.03  0.50  0.00  0.22  0.00  0.07  0.00  0.00  0.00  0.00  0.00  0.00  0.16  0.01
03182500  0.00  0.00  0.03  0.40  0.00  0.29  0.00  0.15  0.00  0.00  0.00  0.00  0.00  0.00  0.12  0.01
03183500  0.00  0.00  0.06  0.30  0.00  0.26  0.00  0.19  0.00  0.00  0.00  0.05  0.00  0.00  0.12  0.02
03184000  0.00  0.00  0.06  0.30  0.00  0.23  0.00  0.23  0.00  0.00  0.00  0.05  0.00  0.00  0.10  0.04
03186500  0.00  0.00  0.00  0.38  0.00  0.19  0.00  0.31  0.00  0.00  0.00  0.00  0.00  0.00  0.12  0.00
03198500  0.00  0.00  0.54  0.09  0.00  0.31  0.00  0.01  0.00  0.00  0.00  0.00  0.00  0.00  0.01  0.04
03199000  0.00  0.00  0.69  0.00  0.00  0.30  0.00  0.01  0.00  0.00  0.00  0.00  0.00  0.00  0.00  0.00
03213000  0.00  0.00  0.00  0.01  0.00  0.97  0.00  0.01  0.00  0.00  0.00  0.00  0.00  0.00  0.00  0.00
03214000  0.00  0.00  0.04  0.01  0.00  0.89  0.00  0.01  0.00  0.00  0.00  0.00  0.00  0.00  0.01  0.04
03237500  0.00  0.00  0.00  0.37  0.00  0.00  0.00  0.40  0.03  0.00  0.03  0.11  0.00  0.00  0.00  0.06
03238500  0.00  0.00  0.00  0.36  0.00  0.00  0.00  0.63  0.00  0.00  0.00  0.00  0.00  0.00  0.00  0.00
03251500  0.00  0.00  0.05  0.22  0.00  0.09  0.00  0.12  0.00  0.00  0.30  0.07  0.00  0.01  0.08  0.06
03252500  0.00  0.00  0.00  0.23  0.00  0.00  0.00  0.12  0.00  0.00  0.33  0.20  0.00  0.00  0.11  0.01
03253500  0.00  0.00  0.04  0.20  0.00  0.06  0.00  0.11  0.00  0.00  0.33  0.09  0.00  0.01  0.09  0.07
03265000  0.00  0.00  0.00  0.29  0.00  0.19  0.00  0.19  0.31  0.00  0.00  0.01  0.00  0.00  0.00  0.01
03266000  0.00  0.00  0.00  0.29  0.00  0.20  0.00  0.17  0.31  0.00  0.00  0.02  0.00  0.00  0.01  0.01
03269500  0.00  0.00  0.00  0.22  0.00  0.20  0.00  0.05  0.37  0.00  0.00  0.09  0.00  0.00  0.00  0.06
03274000  0.00  0.00  0.00  0.27  0.00  0.18  0.00  0.15  0.32  0.00  0.01  0.04  0.00  0.00  0.01  0.02
03281500  0.00  0.00  0.00  0.23  0.00  0.07  0.00  0.68  0.02  0.00  0.00  0.00  0.00  0.00  0.00  0.00
03289500  0.00  0.00  0.00  0.32  0.00  0.00  0.00  0.36  0.00  0.00  0.17  0.11  0.00  0.00  0.03  0.02
03301500  0.00  0.00  0.00  0.23  0.00  0.02  0.00  0.10  0.00  0.00  0.32  0.08  0.00  0.00  0.18  0.07
03303000  0.00  0.00  0.00  0.94  0.00  0.01  0.00  0.01  0.00  0.00  0.00  0.00  0.00  0.00  0.04  0.00
03308500  0.00  0.00  0.00  0.34  0.00  0.02  0.00  0.27  0.05  0.00  0.07  0.24  0.00  0.00  0.01  0.00
03324300  0.00  0.00  0.00  0.21  0.00  0.00  0.00  0.70  0.07  0.00  0.00  0.01  0.00  0.00  0.00  0.00
03326500  0.00  0.00  0.00  0.23  0.00  0.00  0.00  0.64  0.13  0.00  0.00  0.00  0.00  0.00  0.00  0.00
03328500  0.01  0.02  0.04  0.13  0.00  0.10  0.04  0.36  0.27  0.00  0.00  0.00  0.01  0.00  0.00  0.00
03331500  0.18  0.09  0.06  0.01  0.00  0.16  0.17  0.03  0.21  0.00  0.00  0.00  0.08  0.00  0.00  0.00
03339500  0.00  0.00  0.00  0.21  0.00  0.05  0.01  0.48  0.25  0.00  0.00  0.00  0.00  0.00  0.00  0.00
03345500  0.00  0.00  0.00  0.33  0.00  0.04  0.00  0.62  0.00  0.00  0.02  0.00  0.00  0.00  0.00  0.00
03346000  0.00  0.00  0.00  0.42  0.00  0.03  0.00  0.54  0.01  0.00  0.00  0.00  0.00  0.00  0.00  0.00
03348000  0.00  0.00  0.00  0.27  0.00  0.15  0.00  0.21  0.36  0.00  0.00  0.00  0.01  0.00  0.00  0.00
03349000  0.00  0.00  0.00  0.25  0.00  0.13  0.00  0.35  0.26  0.00  0.00  0.00  0.00  0.00  0.00  0.00
03361500  0.00  0.00  0.00  0.30  0.00  0.15  0.01  0.18  0.33  0.00  0.00  0.02  0.00  0.00  0.00  0.01
03361650  0.00  0.00  0.00  0.28  0.00  0.18  0.00  0.24  0.30  0.00  0.00  0.00  0.00  0.00  0.00  0.00
03362500  0.00  0.00  0.00  0.31  0.00  0.14  0.01  0.21  0.32  0.00  0.00  0.00  0.00  0.00  0.00  0.00
03363000  0.00  0.00  0.00  0.30  0.00  0.16  0.01  0.21  0.31  0.00  0.00  0.01  0.00  0.00  0.00  0.00
03364000  0.00  0.00  0.00  0.31  0.00  0.16  0.01  0.20  0.31  0.00  0.00  0.00  0.00  0.00  0.00  0.00
03365500  0.00  0.00  0.00  0.32  0.00  0.14  0.01  0.20  0.32  0.00  0.00  0.00  0.00  0.00  0.00  0.00
03381500  0.00  0.00  0.00  0.46  0.00  0.00  0.00  0.54  0.00  0.00  0.00  0.00  0.00  0.00  0.00  0.00
03410500  0.00  0.00  0.00  0.07  0.00  0.56  0.05  0.00  0.15  0.00  0.01  0.02  0.00  0.00  0.12  0.02
03438000  0.00  0.00  0.00  0.62  0.00  0.00  0.00  0.36  0.00  0.00  0.01  0.00  0.00  0.00  0.00  0.00
03443000  0.00  0.00  0.11  0.02  0.00  0.55  0.00  0.00  0.14  0.00  0.00  0.12  0.00  0.00  0.06  0.00
03448000  0.00  0.00  0.12  0.05  0.00  0.47  0.00  0.01  0.13  0.00  0.00  0.17  0.00  0.00  0.06  0.00
03451500  0.00  0.00  0.11  0.03  0.00  0.48  0.00  0.01  0.17  0.00  0.00  0.15  0.00  0.00  0.05  0.00
03455000  0.00  0.00  0.11  0.02  0.00  0.54  0.00  0.00  0.14  0.00  0.00  0.09  0.00  0.00  0.07  0.02
03465500  0.00  0.00  0.22  0.00  0.00  0.61  0.00  0.01  0.07  0.00  0.00  0.01  0.00  0.00  0.07  0.00
03470000  0.00  0.00  0.00  0.08  0.00  0.36  0.00  0.03  0.00  0.00  0.00  0.05  0.00  0.00  0.29  0.20
03473000  0.00  0.00  0.01  0.10  0.00  0.45  0.00  0.10  0.07  0.00  0.00  0.16  0.00  0.00  0.09  0.02
03490000  0.00  0.00  0.13  0.16  0.00  0.19  0.00  0.20  0.00  0.00  0.00  0.23  0.00  0.00  0.09  0.00
03504000  0.00  0.00  0.00  0.00  0.00  1.00  0.00  0.00  0.00  0.00  0.00  0.00  0.00  0.00  0.00  0.00
03512000  0.00  0.00  0.02  0.00  0.00  0.90  0.00  0.00  0.01  0.00  0.00  0.02  0.00  0.00  0.03  0.01
03521500  0.00  0.00  0.00  0.14  0.00  0.30  0.00  0.27  0.00  0.00  0.00  0.26  0.00  0.00  0.00  0.02
03524000  0.00  0.00  0.01  0.15  0.00  0.31  0.00  0.23  0.00  0.00  0.00  0.30  0.00  0.00  0.01  0.01
03528000  0.00  0.00  0.00  0.14  0.00  0.37  0.00  0.16  0.00  0.00  0.00  0.29  0.00  0.00  0.01  0.01
03531500  0.00  0.00  0.00  0.08  0.00  0.76  0.00  0.04  0.00  0.00  0.00  0.12  0.00  0.00  0.00  0.00
03532000  0.00  0.00  0.01  0.11  0.00  0.48  0.00  0.09  0.00  0.00  0.01  0.28  0.00  0.00  0.02  0.00
03540500  0.00  0.00  0.00  0.02  0.00  0.37  0.11  0.00  0.28  0.00  0.01  0.03  0.00  0.00  0.15  0.03
03550000  0.00  0.00  0.00  0.00  0.00  0.88  0.00  0.00  0.00  0.00  0.00  0.12  0.00  0.00  0.00  0.00
03567500  0.00  0.00  0.07  0.20  0.00  0.09  0.00  0.08  0.22  0.00  0.00  0.26  0.00  0.00  0.03  0.04
03574500  0.00  0.00  0.13  0.15  0.00  0.08  0.01  0.01  0.02  0.00  0.00  0.44  0.00  0.00  0.02  0.14
03603000  0.00  0.00  0.00  0.46  0.00  0.00  0.00  0.31  0.01  0.00  0.02  0.15  0.00  0.00  0.00  0.04
04073500  0.40  0.02  0.11  0.09  0.00  0.00  0.00  0.11  0.01  0.00  0.06  0.00  0.17  0.02  0.00  0.01
04079000  0.14  0.01  0.55  0.10  0.00  0.07  0.00  0.00  0.03  0.00  0.00  0.00  0.06  0.01  0.00  0.03
04100500  0.01  0.00  0.23  0.03  0.00  0.14  0.15  0.09  0.23  0.00  0.00  0.01  0.09  0.01  0.00  0.00
04113000  0.08  0.16  0.29  0.00  0.00  0.29  0.00  0.00  0.10  0.00  0.00  0.00  0.08  0.00  0.00  0.00
04115000  0.07  0.03  0.05  0.02  0.00  0.33  0.00  0.07  0.35  0.00  0.00  0.00  0.07  0.00  0.00  0.00
04144000  0.09  0.11  0.02  0.00  0.00  0.32  0.00  0.00  0.36  0.00  0.00  0.00  0.09  0.00  0.00  0.00
04164000  0.13  0.45  0.06  0.04  0.00  0.09  0.00  0.14  0.09  0.00  0.00  0.01  0.00  0.00  0.00  0.00
04165500  0.09  0.28  0.06  0.03  0.00  0.19  0.00  0.11  0.19  0.00  0.00  0.04  0.00  0.00  0.00  0.00
04176500  0.11  0.11  0.11  0.11  0.00  0.05  0.00  0.25  0.08  0.00  0.00  0.14  0.00  0.00  0.00  0.03
04178000  0.03  0.03  0.01  0.13  0.00  0.13  0.06  0.44  0.15  0.00  0.00  0.00  0.00  0.00  0.00  0.00
04183500  0.01  0.01  0.00  0.16  0.00  0.05  0.03  0.54  0.11  0.00  0.00  0.04  0.01  0.01  0.00  0.00
04185000  0.05  0.03  0.03  0.11  0.00  0.15  0.02  0.38  0.17  0.00  0.00  0.06  0.00  0.00  0.00  0.01
04191500  0.00  0.00  0.00  0.11  0.00  0.02  0.00  0.45  0.05  0.00  0.03  0.34  0.00  0.00  0.00  0.00
04198000  0.01  0.00  0.02  0.20  0.00  0.03  0.00  0.58  0.02  0.00  0.03  0.10  0.00  0.00  0.00  0.01
04201500  0.00  0.00  0.00  0.21  0.00  0.02  0.00  0.70  0.06  0.00  0.00  0.00  0.00  0.00  0.00  0.00
04212000  0.00  0.00  0.00  0.68  0.00  0.01  0.00  0.10  0.06  0.00  0.13  0.02  0.00  0.00  0.00  0.00
04221000  0.00  0.00  0.06  0.48  0.00  0.44  0.00  0.00  0.00  0.00  0.00  0.00  0.00  0.00  0.02  0.00
04221500  0.00  0.00  0.06  0.50  0.00  0.42  0.00  0.00  0.00  0.00  0.00  0.00  0.00  0.00  0.02  0.00
04223000  0.00  0.00  0.02  0.79  0.00  0.17  0.00  0.00  0.00  0.00  0.00  0.00  0.00  0.00  0.01  0.00
05053000  0.21  0.00  0.08  0.14  0.00  0.30  0.00  0.03  0.14  0.00  0.07  0.01  0.00  0.00  0.00  0.01
05244000  0.40  0.21  0.23  0.00  0.00  0.03  0.09  0.00  0.01  0.00  0.00  0.00  0.00  0.01  0.00  0.02
05280000  0.07  0.01  0.06  0.00  0.00  0.29  0.03  0.05  0.43  0.00  0.02  0.02  0.00  0.01  0.00  0.00
05320500  0.00  0.00  0.00  0.01  0.00  0.23  0.00  0.17  0.33  0.00  0.11  0.13  0.00  0.01  0.00  0.00
05383000  0.32  0.00  0.10  0.44  0.00  0.00  0.00  0.03  0.00  0.00  0.01  0.00  0.00  0.00  0.00  0.10
05408000  0.00  0.00  0.11  0.56  0.00  0.00  0.00  0.09  0.00  0.00  0.14  0.00  0.00  0.00  0.00  0.11
05410490  0.01  0.00  0.09  0.48  0.00  0.01  0.00  0.24  0.00  0.00  0.08  0.00  0.00  0.00  0.00  0.09
05410500  0.01  0.00  0.09  0.48  0.00  0.01  0.00  0.24  0.00  0.00  0.08  0.00  0.00  0.00  0.00  0.09
05412500  0.00  0.00  0.00  0.15  0.00  0.46  0.00  0.37  0.01  0.00  0.00  0.00  0.00  0.00  0.01  0.00
05418500  0.02  0.00  0.00  0.14  0.00  0.38  0.00  0.44  0.00  0.00  0.00  0.00  0.00  0.00  0.02  0.00
05422000  0.04  0.00  0.02  0.02  0.00  0.64  0.00  0.28  0.01  0.00  0.00  0.00  0.00  0.00  0.00  0.00
05430500  0.00  0.00  0.07  0.30  0.00  0.02  0.00  0.37  0.10  0.00  0.00  0.00  0.07  0.02  0.00  0.05
05435500  0.00  0.00  0.00  0.30  0.00  0.00  0.02  0.47  0.00  0.00  0.04  0.10  0.00  0.00  0.00  0.07
05440000  0.00  0.00  0.01  0.29  0.00  0.12  0.06  0.47  0.01  0.00  0.01  0.00  0.00  0.00  0.00  0.02
05447500  0.08  0.00  0.00  0.34  0.00  0.09  0.06  0.40  0.02  0.00  0.01  0.00  0.00  0.00  0.00  0.00
05451500  0.00  0.00  0.00  0.00  0.00  0.46  0.00  0.24  0.30  0.00  0.00  0.00  0.00  0.00  0.00  0.00
05452000  0.00  0.00  0.00  0.03  0.00  0.00  0.00  0.97  0.00  0.00  0.00  0.00  0.00  0.00  0.00  0.00
05454500  0.02  0.00  0.00  0.03  0.00  0.22  0.00  0.58  0.15  0.00  0.00  0.00  0.00  0.00  0.00  0.00
05455500  0.00  0.00  0.00  0.07  0.00  0.00  0.00  0.92  0.01  0.00  0.00  0.00  0.00  0.00  0.00  0.00
05457700  0.03  0.00  0.01  0.12  0.00  0.50  0.01  0.17  0.12  0.00  0.00  0.00  0.03  0.00  0.01  0.00
05458500  0.02  0.00  0.01  0.09  0.00  0.62  0.01  0.14  0.09  0.00  0.00  0.00  0.02  0.00  0.01  0.00
05462000  0.02  0.00  0.02  0.00  0.00  0.59  0.00  0.08  0.27  0.00  0.00  0.00  0.01  0.01  0.01  0.00
05471500  0.00  0.00  0.00  0.03  0.00  0.35  0.00  0.34  0.28  0.00  0.00  0.00  0.00  0.00  0.00  0.00
05472500  0.00  0.00  0.00  0.08  0.00  0.00  0.00  0.90  0.01  0.00  0.00  0.00  0.00  0.00  0.00  0.00
05476500  0.04  0.00  0.03  0.00  0.00  0.57  0.00  0.03  0.17  0.00  0.15  0.00  0.00  0.01  0.00  0.00
05479000  0.00  0.00  0.00  0.00  0.00  0.50  0.00  0.06  0.44  0.00  0.00  0.00  0.00  0.00  0.00  0.00
05481000  0.00  0.00  0.00  0.00  0.00  0.42  0.00  0.19  0.39  0.00  0.00  0.00  0.00  0.00  0.00  0.00
05482500  0.00  0.00  0.00  0.01  0.00  0.55  0.00  0.03  0.40  0.00  0.00  0.00  0.00  0.00  0.00  0.00
05484500  0.00  0.00  0.00  0.00  0.00  0.46  0.00  0.21  0.33  0.00  0.00  0.00  0.00  0.00  0.00  0.00
05502040  0.00  0.00  0.00  0.50  0.00  0.00  0.00  0.50  0.00  0.00  0.00  0.00  0.00  0.00  0.00  0.00
05507500  0.00  0.00  0.00  0.17  0.00  0.06  0.00  0.18  0.32  0.00  0.26  0.00  0.00  0.01  0.00  0.00
05508000  0.00  0.00  0.00  0.19  0.00  0.05  0.00  0.19  0.28  0.00  0.26  0.01  0.00  0.01  0.00  0.00
05514500  0.00  0.00  0.00  0.24  0.00  0.00  0.00  0.24  0.01  0.00  0.38  0.10  0.00  0.00  0.03  0.00
05515500  0.34  0.02  0.07  0.02  0.00  0.22  0.09  0.00  0.04  0.00  0.00  0.00  0.17  0.00  0.00  0.02
05517000  0.06  0.01  0.06  0.00  0.00  0.20  0.24  0.00  0.36  0.00  0.00  0.00  0.06  0.00  0.00  0.00
05517500  0.31  0.02  0.10  0.02  0.00  0.20  0.11  0.00  0.12  0.00  0.00  0.00  0.10  0.00  0.00  0.02
05518000  0.32  0.04  0.13  0.02  0.00  0.17  0.10  0.02  0.10  0.00  0.01  0.00  0.08  0.00  0.00  0.01
05520500  0.34  0.03  0.10  0.05  0.00  0.14  0.08  0.05  0.08  0.00  0.06  0.00  0.06  0.00  0.00  0.01
05526000  0.21  0.02  0.01  0.11  0.00  0.06  0.01  0.32  0.04  0.00  0.19  0.00  0.01  0.00  0.00  0.01
05542000  0.04  0.00  0.00  0.21  0.00  0.00  0.00  0.35  0.16  0.00  0.25  0.00  0.00  0.00  0.00  0.00
05546500  0.00  0.00  0.03  0.28  0.00  0.06  0.01  0.28  0.14  0.00  0.07  0.00  0.05  0.01  0.00  0.06
05552500  0.00  0.00  0.02  0.28  0.00  0.05  0.01  0.41  0.07  0.00  0.07  0.00  0.02  0.01  0.00  0.04
05554500  0.01  0.00  0.00  0.19  0.00  0.01  0.02  0.43  0.09  0.00  0.25  0.00  0.00  0.00  0.00  0.01
05555300  0.00  0.00  0.00  0.20  0.00  0.01  0.01  0.55  0.05  0.00  0.17  0.00  0.00  0.00  0.00  0.00
05555500  0.00  0.00  0.00  0.20  0.00  0.01  0.01  0.55  0.05  0.00  0.17  0.00  0.00  0.00  0.00  0.00
05569500  0.00  0.00  0.00  0.34  0.00  0.00  0.00  0.66  0.00  0.00  0.00  0.00  0.00  0.00  0.00  0.00
05570000  0.00  0.00  0.00  0.34  0.00  0.00  0.00  0.66  0.00  0.00  0.00  0.00  0.00  0.00  0.00  0.00
05582000  0.00  0.00  0.00  0.38  0.00  0.04  0.00  0.58  0.00  0.00  0.00  0.00  0.00  0.00  0.00  0.00
05584500  0.00  0.00  0.00  0.34  0.00  0.00  0.00  0.66  0.00  0.00  0.00  0.00  0.00  0.00  0.00  0.00
05585000  0.00  0.00  0.00  0.32  0.00  0.00  0.00  0.68  0.00  0.00  0.00  0.00  0.00  0.00  0.00  0.00
05592500  0.00  0.00  0.00  0.34  0.00  0.00  0.00  0.65  0.00  0.00  0.00  0.00  0.00  0.01  0.00  0.00
05593000  0.00  0.00  0.00  0.37  0.00  0.00  0.00  0.61  0.00  0.00  0.00  0.00  0.00  0.02  0.00  0.00
05594000  0.00  0.00  0.00  0.39  0.00  0.00  0.00  0.59  0.00  0.00  0.03  0.00  0.00  0.00  0.00  0.00
06191500  0.00  0.00  0.52  0.02  0.00  0.17  0.02  0.00  0.09  0.00  0.00  0.00  0.00  0.05  0.03  0.11
06192500  0.00  0.01  0.41  0.02  0.00  0.23  0.01  0.00  0.11  0.00  0.00  0.00  0.00  0.04  0.04  0.13
06225500  0.02  0.00  0.08  0.00  0.00  0.20  0.03  0.00  0.03  0.00  0.00  0.00  0.00  0.00  0.09  0.55
06334500  0.00  0.00  0.09  0.00  0.00  0.07  0.00  0.03  0.06  0.00  0.01  0.39  0.00  0.00  0.14  0.19
06340500  0.00  0.00  0.13  0.04  0.00  0.21  0.00  0.06  0.19  0.00  0.19  0.00  0.00  0.00  0.08  0.09
06359500  0.00  0.00  0.34  0.01  0.00  0.14  0.05  0.02  0.03  0.00  0.01  0.14  0.00  0.00  0.02  0.24
06426500  0.00  0.00  0.09  0.00  0.00  0.18  0.05  0.00  0.38  0.00  0.00  0.00  0.00  0.00  0.18  0.12
06441500  0.00  0.00  0.00  0.01  0.00  0.00  0.00  0.03  0.04  0.00  0.21  0.40  0.00  0.00  0.00  0.31
06446000  0.00  0.03  0.12  0.16  0.00  0.06  0.00  0.01  0.03  0.00  0.03  0.16  0.00  0.00  0.01  0.39
06454500  0.08  0.11  0.60  0.01  0.00  0.02  0.00  0.00  0.00  0.00  0.00  0.00  0.00  0.00  0.01  0.16
06480000  0.00  0.04  0.00  0.32  0.00  0.17  0.00  0.29  0.15  0.00  0.00  0.00  0.00  0.03  0.00  0.00
06600500  0.00  0.00  0.00  0.21  0.00  0.00  0.00  0.79  0.00  0.00  0.00  0.00  0.00  0.00  0.00  0.00
06606600  0.00  0.00  0.00  0.07  0.00  0.29  0.00  0.43  0.17  0.00  0.03  0.00  0.00  0.01  0.00  0.00
06607200  0.00  0.00  0.00  0.46  0.00  0.00  0.00  0.54  0.00  0.00  0.00  0.00  0.00  0.00  0.00  0.00
06609500  0.00  0.00  0.00  0.58  0.00  0.00  0.00  0.42  0.00  0.00  0.00  0.00  0.00  0.00  0.00  0.00
06799500  0.00  0.00  0.00  0.65  0.00  0.00  0.00  0.35  0.00  0.00  0.00  0.00  0.00  0.00  0.00  0.00
06808500  0.00  0.00  0.00  0.47  0.00  0.00  0.00  0.53  0.00  0.00  0.00  0.00  0.00  0.00  0.00  0.00
06810000  0.00  0.00  0.00  0.30  0.00  0.00  0.00  0.70  0.00  0.00  0.00  0.00  0.00  0.00  0.00  0.00
06811500  0.00  0.00  0.00  0.16  0.00  0.00  0.00  0.22  0.15  0.00  0.25  0.22  0.00  0.00  0.00  0.00
06813000  0.00  0.00  0.00  0.07  0.00  0.00  0.00  0.93  0.00  0.00  0.00  0.00  0.00  0.00  0.00  0.00
06815000  0.00  0.00  0.00  0.16  0.00  0.02  0.00  0.08  0.24  0.00  0.14  0.34  0.00  0.00  0.03  0.00
06817000  0.00  0.00  0.00  0.00  0.00  0.01  0.00  0.98  0.00  0.00  0.00  0.00  0.00  0.00  0.00  0.00
06817500  0.00  0.00  0.00  0.00  0.00  0.01  0.00  0.98  0.01  0.00  0.00  0.00  0.00  0.00  0.00  0.00
06820500  0.00  0.00  0.00  0.03  0.00  0.01  0.00  0.83  0.12  0.00  0.00  0.00  0.00  0.00  0.00  0.00
06847000  0.00  0.00  0.00  0.87  0.00  0.00  0.00  0.13  0.00  0.00  0.00  0.00  0.00  0.00  0.00  0.00
06860000  0.00  0.01  0.00  0.77  0.00  0.10  0.00  0.09  0.00  0.00  0.00  0.00  0.00  0.00  0.00  0.03
06868000  0.00  0.00  0.00  0.63  0.00  0.11  0.00  0.13  0.02  0.00  0.09  0.00  0.00  0.00  0.03  0.00
06869500  0.00  0.00  0.00  0.52  0.00  0.10  0.00  0.18  0.01  0.00  0.15  0.00  0.00  0.00  0.04  0.00
06883000  0.04  0.00  0.00  0.46  0.00  0.07  0.00  0.36  0.00  0.00  0.03  0.00  0.00  0.00  0.00  0.03
06884400  0.02  0.00  0.00  0.27  0.00  0.04  0.01  0.43  0.02  0.00  0.16  0.00  0.00  0.00  0.01  0.04
06884500  0.02  0.00  0.00  0.27  0.00  0.04  0.01  0.43  0.02  0.00  0.16  0.00  0.00  0.00  0.01  0.04
06885500  0.00  0.00  0.00  0.01  0.00  0.00  0.00  0.06  0.26  0.00  0.09  0.57  0.00  0.00  0.01  0.00
06888500  0.00  0.00  0.00  0.02  0.00  0.00  0.00  0.30  0.01  0.00  0.56  0.01  0.00  0.00  0.10  0.00
06890500  0.00  0.00  0.00  0.00  0.00  0.00  0.00  0.09  0.32  0.00  0.21  0.37  0.00  0.00  0.00  0.00
06892000  0.00  0.00  0.00  0.03  0.00  0.00  0.00  0.24  0.36  0.00  0.29  0.05  0.00  0.00  0.00  0.03
06894000  0.00  0.00  0.00  0.32  0.00  0.00  0.00  0.54  0.00  0.00  0.14  0.00  0.00  0.01  0.00  0.00
06897500  0.00  0.00  0.00  0.01  0.00  0.06  0.00  0.23  0.70  0.00  0.01  0.00  0.00  0.00  0.00  0.00
06898000  0.00  0.00  0.00  0.07  0.00  0.07  0.00  0.50  0.34  0.00  0.03  0.00  0.00  0.00  0.00  0.00
06899500  0.00  0.00  0.00  0.06  0.00  0.08  0.00  0.31  0.51  0.00  0.04  0.00  0.00  0.00  0.00  0.00
06908000  0.00  0.00  0.05  0.31  0.00  0.02  0.00  0.43  0.00  0.00  0.12  0.03  0.00  0.00  0.02  0.02
06913500  0.00  0.00  0.00  0.06  0.00  0.03  0.00  0.22  0.01  0.00  0.51  0.07  0.00  0.01  0.00  0.08
06914000  0.00  0.00  0.00  0.14  0.00  0.05  0.00  0.12  0.02  0.00  0.52  0.08  0.00  0.00  0.00  0.07
06928000  0.00  0.00  0.00  0.32  0.00  0.00  0.00  0.59  0.00  0.00  0.05  0.03  0.00  0.00  0.01  0.00
06933500  0.00  0.00  0.00  0.40  0.00  0.00  0.00  0.48  0.00  0.00  0.03  0.06  0.00  0.00  0.02  0.00
07019000  0.00  0.00  0.00  0.46  0.00  0.01  0.00  0.44  0.00  0.00  0.08  0.00  0.00  0.00  0.01  0.00
07029500  0.00  0.00  0.19  0.15  0.03  0.05  0.04  0.08  0.41  0.00  0.00  0.04  0.00  0.00  0.00  0.00
07049000  0.00  0.00  0.11  0.18  0.00  0.03  0.03  0.13  0.12  0.00  0.37  0.00  0.00  0.00  0.00  0.01
07052500  0.00  0.00  0.00  0.35  0.00  0.00  0.00  0.55  0.00  0.00  0.06  0.02  0.00  0.00  0.01  0.00
07056000  0.00  0.00  0.14  0.13  0.00  0.06  0.03  0.10  0.14  0.00  0.38  0.02  0.00  0.00  0.00  0.01
07057500  0.00  0.00  0.00  0.52  0.00  0.01  0.00  0.21  0.00  0.00  0.01  0.21  0.00  0.00  0.03  0.00
07058000  0.00  0.00  0.00  0.53  0.00  0.01  0.00  0.21  0.00  0.00  0.01  0.21  0.00  0.00  0.03  0.00
07067000  0.00  0.00  0.00  0.40  0.00  0.00  0.00  0.47  0.00  0.00  0.00  0.12  0.00  0.00  0.00  0.00
07068000  0.00  0.00  0.00  0.40  0.00  0.00  0.00  0.45  0.00  0.00  0.00  0.15  0.00  0.00  0.00  0.00
07069500  0.00  0.00  0.05  0.29  0.00  0.00  0.00  0.00  0.00  0.00  0.00  0.67  0.00  0.00  0.00  0.00
07072000  0.00  0.00  0.00  0.41  0.00  0.00  0.00  0.15  0.00  0.00  0.00  0.44  0.00  0.00  0.00  0.00
07074000  0.00  0.00  0.39  0.17  0.00  0.02  0.00  0.00  0.01  0.00  0.00  0.40  0.00  0.00  0.01  0.00
07144200  0.10  0.00  0.06  0.17  0.00  0.01  0.00  0.14  0.02  0.00  0.49  0.00  0.00  0.00  0.01  0.00
07144780  0.44  0.00  0.23  0.02  0.00  0.05  0.10  0.00  0.15  0.00  0.00  0.00  0.00  0.00  0.00  0.00
07147070  0.00  0.00  0.00  0.05  0.00  0.00  0.00  0.33  0.00  0.00  0.61  0.02  0.00  0.00  0.00  0.00
07147800  0.00  0.00  0.00  0.10  0.00  0.00  0.00  0.27  0.00  0.00  0.45  0.17  0.00  0.00  0.01  0.00
07152000  0.03  0.00  0.14  0.17  0.00  0.08  0.13  0.10  0.10  0.00  0.20  0.02  0.00  0.00  0.01  0.02
07163000  0.00  0.00  0.00  0.20  0.00  0.20  0.00  0.00  0.59  0.00  0.00  0.01  0.00  0.00  0.00  0.00
07172000  0.00  0.00  0.00  0.04  0.00  0.00  0.00  0.22  0.00  0.00  0.54  0.05  0.00  0.00  0.15  0.00
07177500  0.00  0.00  0.23  0.12  0.00  0.00  0.00  0.07  0.01  0.00  0.13  0.24  0.00  0.03  0.08  0.08
07183000  0.00  0.00  0.00  0.08  0.00  0.01  0.00  0.25  0.02  0.00  0.58  0.02  0.00  0.01  0.01  0.01
07186000  0.00  0.00  0.00  0.29  0.00  0.10  0.00  0.29  0.14  0.00  0.14  0.00  0.00  0.00  0.00  0.03
07196500  0.00  0.00  0.02  0.47  0.00  0.00  0.01  0.41  0.02  0.00  0.05  0.01  0.00  0.00  0.00  0.00
07197000  0.00  0.00  0.05  0.43  0.00  0.01  0.04  0.30  0.05  0.00  0.11  0.01  0.00  0.00  0.00  0.01
07211500  0.00  0.00  0.07  0.04  0.00  0.05  0.01  0.18  0.09  0.01  0.14  0.33  0.00  0.00  0.08  0.01
07221000  0.00  0.00  0.02  0.01  0.00  0.20  0.01  0.11  0.28  0.04  0.04  0.14  0.00  0.00  0.11  0.05
07222500  0.00  0.00  0.15  0.00  0.00  0.04  0.10  0.00  0.30  0.00  0.00  0.00  0.00  0.00  0.25  0.16
07243500  0.02  0.00  0.55  0.07  0.00  0.07  0.00  0.00  0.08  0.00  0.04  0.11  0.00  0.00  0.04  0.03
07252000  0.00  0.00  0.16  0.00  0.00  0.05  0.02  0.00  0.19  0.00  0.58  0.00  0.00  0.00  0.00  0.01
07261000  0.00  0.00  0.20  0.02  0.00  0.00  0.52  0.00  0.02  0.00  0.07  0.00  0.00  0.00  0.17  0.00
07288500  0.00  0.00  0.01  0.01  0.00  0.00  0.00  0.36  0.00  0.00  0.21  0.39  0.00  0.01  0.00  0.01
07289500  0.00  0.00  0.17  0.19  0.00  0.03  0.00  0.14  0.40  0.00  0.00  0.04  0.00  0.00  0.00  0.02
07290000  0.00  0.00  0.10  0.54  0.00  0.02  0.00  0.10  0.22  0.00  0.00  0.02  0.00  0.00  0.00  0.01
07307800  0.04  0.00  0.09  0.00  0.00  0.06  0.21  0.03  0.10  0.00  0.00  0.46  0.00  0.00  0.00  0.01
07340000  0.00  0.00  0.09  0.08  0.00  0.29  0.01  0.06  0.05  0.00  0.01  0.25  0.00  0.01  0.12  0.01
07346000  0.09  0.00  0.22  0.05  0.00  0.03  0.34  0.00  0.07  0.00  0.00  0.14  0.00  0.06  0.00  0.00
07346050  0.10  0.00  0.29  0.11  0.00  0.01  0.46  0.00  0.01  0.00  0.00  0.02  0.00  0.00  0.00  0.00
07346070  0.10  0.00  0.29  0.11  0.00  0.01  0.47  0.00  0.01  0.00  0.00  0.01  0.00  0.00  0.00  0.00
07348000  0.18  0.00  0.26  0.08  0.00  0.04  0.27  0.00  0.04  0.00  0.01  0.10  0.00  0.03  0.00  0.00
07363500  0.00  0.00  0.12  0.36  0.00  0.10  0.04  0.02  0.01  0.00  0.00  0.29  0.00  0.00  0.05  0.00
07375500  0.00  0.00  0.11  0.40  0.06  0.04  0.16  0.03  0.20  0.00  0.00  0.00  0.00  0.00  0.00  0.00
07378000  0.00  0.00  0.01  0.67  0.01  0.04  0.00  0.13  0.13  0.00  0.00  0.00  0.00  0.00  0.00  0.00
07378500  0.00  0.00  0.01  0.58  0.06  0.04  0.02  0.21  0.08  0.00  0.00  0.00  0.00  0.00  0.00  0.00
08013500  0.01  0.00  0.15  0.56  0.00  0.01  0.04  0.02  0.00  0.00  0.02  0.16  0.00  0.00  0.00  0.03
08015500  0.03  0.00  0.11  0.65  0.00  0.01  0.04  0.03  0.00  0.00  0.01  0.11  0.00  0.00  0.00  0.01
08032000  0.48  0.00  0.11  0.03  0.00  0.06  0.07  0.00  0.05  0.00  0.00  0.16  0.00  0.03  0.00  0.01
08033500  0.25  0.00  0.31  0.01  0.00  0.13  0.03  0.04  0.03  0.00  0.00  0.18  0.00  0.01  0.00  0.00
08055500  0.00  0.00  0.12  0.00  0.00  0.00  0.00  0.01  0.06  0.06  0.04  0.61  0.00  0.02  0.07  0.00
08085500  0.03  0.00  0.06  0.00  0.00  0.16  0.06  0.01  0.12  0.00  0.09  0.39  0.00  0.00  0.01  0.06
08095000  0.02  0.00  0.08  0.00  0.00  0.06  0.00  0.04  0.16  0.01  0.10  0.29  0.00  0.00  0.20  0.05
08103800  0.00  0.00  0.00  0.00  0.00  0.27  0.00  0.03  0.41  0.00  0.05  0.06  0.00  0.00  0.06  0.12
08146000  0.00  0.00  0.02  0.00  0.00  0.05  0.02  0.00  0.11  0.01  0.00  0.31  0.00  0.00  0.17  0.31
08150000  0.00  0.00  0.00  0.00  0.00  0.02  0.00  0.00  0.03  0.00  0.00  0.31  0.00  0.00  0.19  0.45
08150700  0.00  0.00  0.02  0.00  0.00  0.03  0.04  0.00  0.03  0.00  0.00  0.25  0.00  0.00  0.19  0.42
08167500  0.00  0.00  0.00  0.00  0.00  0.13  0.00  0.00  0.14  0.00  0.03  0.24  0.00  0.00  0.17  0.29
08171000  0.00  0.00  0.00  0.00  0.00  0.37  0.00  0.00  0.50  0.00  0.03  0.03  0.00  0.00  0.02  0.05
08171300  0.00  0.00  0.00  0.00  0.00  0.33  0.00  0.00  0.46  0.00  0.03  0.08  0.00  0.00  0.05  0.04
08172000  0.00  0.00  0.01  0.00  0.00  0.17  0.00  0.04  0.23  0.00  0.02  0.43  0.00  0.00  0.09  0.02
08189500  0.05  0.00  0.03  0.00  0.00  0.02  0.75  0.00  0.03  0.02  0.00  0.06  0.00  0.00  0.00  0.04
08205500  0.00  0.00  0.04  0.00  0.00  0.03  0.08  0.01  0.20  0.00  0.02  0.35  0.00  0.00  0.10  0.16
08340500  0.02  0.09  0.16  0.00  0.00  0.04  0.17  0.02  0.04  0.00  0.00  0.04  0.00  0.00  0.11  0.31
09127998  0.00  0.03  0.13  0.00  0.00  0.21  0.08  0.00  0.23  0.00  0.00  0.12  0.00  0.00  0.07  0.12
09132500  0.00  0.01  0.00  0.00  0.00  0.42  0.00  0.00  0.22  0.00  0.00  0.14  0.00  0.00  0.00  0.21
09251000  0.00  0.01  0.39  0.00  0.00  0.18  0.14  0.00  0.20  0.00  0.00  0.04  0.00  0.00  0.00  0.04
09292500  0.00  0.23  0.62  0.00  0.00  0.00  0.00  0.00  0.00  0.00  0.00  0.00  0.00  0.00  0.08  0.08
09299500  0.00  0.23  0.61  0.00  0.00  0.01  0.03  0.00  0.00  0.00  0.00  0.00  0.00  0.00  0.06  0.06
09430500  0.00  0.00  0.09  0.00  0.00  0.17  0.00  0.00  0.40  0.08  0.00  0.03  0.00  0.00  0.19  0.05
09431500  0.00  0.00  0.06  0.00  0.00  0.17  0.00  0.00  0.31  0.08  0.00  0.13  0.00  0.00  0.19  0.05
09442692  0.01  0.00  0.30  0.00  0.00  0.14  0.01  0.00  0.52  0.00  0.00  0.00  0.00  0.00  0.00  0.01
09444500  0.01  0.02  0.15  0.00  0.00  0.15  0.02  0.01  0.33  0.11  0.00  0.11  0.00  0.00  0.06  0.03
09497500  0.00  0.00  0.16  0.01  0.00  0.08  0.04  0.01  0.19  0.05  0.00  0.32  0.00  0.00  0.12  0.02
10296000  0.00  0.00  0.63  0.00  0.00  0.03  0.03  0.00  0.00  0.00  0.00  0.00  0.00  0.00  0.00  0.31
10296500  0.01  0.00  0.57  0.00  0.00  0.06  0.02  0.00  0.01  0.00  0.00  0.01  0.00  0.00  0.06  0.26
10301500  0.01  0.01  0.24  0.00  0.00  0.04  0.02  0.00  0.06  0.00  0.00  0.08  0.00  0.00  0.22  0.31
10309000  0.06  0.00  0.33  0.00  0.00  0.15  0.00  0.00  0.00  0.00  0.00  0.05  0.00  0.00  0.14  0.27
10312000  0.06  0.01  0.17  0.00  0.00  0.07  0.00  0.00  0.05  0.00  0.00  0.11  0.00  0.00  0.22  0.32
11025500  0.00  0.00  0.46  0.00  0.00  0.12  0.12  0.00  0.03  0.00  0.00  0.00  0.00  0.00  0.17  0.11
11080500  0.00  0.00  0.19  0.00  0.00  0.03  0.00  0.00  0.00  0.00  0.00  0.00  0.00  0.00  0.50  0.28
11138500  0.00  0.00  0.14  0.00  0.00  0.19  0.00  0.00  0.15  0.00  0.00  0.00  0.00  0.00  0.49  0.03
11160000  0.00  0.00  0.67  0.00  0.00  0.04  0.00  0.00  0.16  0.00  0.00  0.02  0.00  0.00  0.09  0.02
11210500  0.01  0.01  0.40  0.00  0.00  0.13  0.16  0.00  0.00  0.00  0.00  0.00  0.00  0.00  0.04  0.24
11213500  0.02  0.03  0.24  0.00  0.00  0.02  0.06  0.00  0.01  0.00  0.00  0.00  0.00  0.00  0.06  0.56
11222000  0.02  0.09  0.27  0.00  0.00  0.09  0.07  0.00  0.01  0.00  0.00  0.00  0.00  0.01  0.06  0.38
11224500  0.00  0.00  0.00  0.00  0.00  0.00  0.00  0.00  0.14  0.00  0.19  0.29  0.00  0.00  0.37  0.01
11281000  0.00  0.00  0.35  0.00  0.00  0.11  0.22  0.00  0.07  0.00  0.00  0.00  0.00  0.00  0.04  0.20
11342000  0.00  0.00  0.47  0.00  0.00  0.13  0.00  0.00  0.01  0.00  0.00  0.24  0.00  0.00  0.13  0.02
11355500  0.00  0.00  0.64  0.00  0.00  0.14  0.03  0.00  0.00  0.00  0.00  0.00  0.00  0.00  0.00  0.19
11401500  0.06  0.06  0.18  0.00  0.00  0.53  0.00  0.00  0.02  0.00  0.00  0.00  0.00  0.00  0.10  0.04
11403000  0.05  0.05  0.27  0.00  0.00  0.43  0.00  0.00  0.08  0.00  0.00  0.00  0.00  0.00  0.08  0.04
11413000  0.00  0.00  0.45  0.09  0.00  0.10  0.00  0.00  0.04  0.00  0.00  0.00  0.00  0.00  0.13  0.20
11427000  0.00  0.00  0.21  0.07  0.00  0.23  0.00  0.00  0.18  0.00  0.00  0.00  0.00  0.00  0.14  0.17
11497500  0.19  0.00  0.17  0.00  0.00  0.21  0.00  0.03  0.10  0.00  0.01  0.16  0.00  0.00  0.01  0.12
11501000  0.27  0.01  0.15  0.00  0.02  0.15  0.00  0.04  0.11  0.00  0.02  0.07  0.00  0.00  0.03  0.13
11530000  0.00  0.00  0.41  0.00  0.00  0.17  0.01  0.00  0.11  0.00  0.00  0.09  0.00  0.01  0.18  0.02
11532500  0.00  0.00  0.02  0.00  0.00  0.21  0.00  0.01  0.64  0.00  0.00  0.00  0.00  0.00  0.11  0.00
12027500  0.01  0.00  0.02  0.44  0.00  0.17  0.00  0.22  0.07  0.00  0.07  0.00  0.00  0.00  0.00  0.00
12098500  0.03  0.28  0.30  0.09  0.00  0.20  0.00  0.00  0.00  0.00  0.00  0.00  0.00  0.00  0.00  0.09
12134500  0.00  0.14  0.27  0.04  0.00  0.20  0.00  0.00  0.00  0.00  0.00  0.00  0.00  0.00  0.00  0.36
12144500  0.08  0.16  0.29  0.06  0.00  0.24  0.00  0.00  0.00  0.00  0.00  0.00  0.00  0.00  0.00  0.17
12149000  0.08  0.11  0.24  0.06  0.00  0.34  0.00  0.00  0.00  0.00  0.00  0.00  0.00  0.00  0.00  0.16
12340000  0.00  0.02  0.30  0.05  0.00  0.41  0.01  0.00  0.14  0.00  0.00  0.02  0.00  0.00  0.00  0.05
12358500  0.00  0.00  0.30  0.14  0.00  0.01  0.05  0.01  0.00  0.00  0.00  0.00  0.00  0.01  0.00  0.47
12413000  0.00  0.01  0.31  0.48  0.00  0.19  0.00  0.00  0.00  0.00  0.00  0.00  0.00  0.00  0.00  0.00
12413500  0.00  0.02  0.25  0.51  0.00  0.22  0.00  0.00  0.00  0.00  0.00  0.00  0.00  0.00  0.00  0.00
12449500  0.01  0.01  0.14  0.05  0.00  0.67  0.00  0.00  0.00  0.00  0.00  0.00  0.00  0.00  0.00  0.11
12449950  0.01  0.01  0.23  0.06  0.00  0.59  0.00  0.00  0.00  0.00  0.00  0.00  0.00  0.00  0.00  0.10
12459000  0.02  0.00  0.67  0.00  0.00  0.01  0.00  0.00  0.05  0.00  0.00  0.00  0.00  0.00  0.00  0.24
12462500  0.02  0.00  0.64  0.03  0.00  0.01  0.00  0.00  0.10  0.00  0.00  0.00  0.00  0.00  0.00  0.21
13186000  0.00  0.13  0.53  0.00  0.00  0.03  0.00  0.00  0.02  0.00  0.00  0.00  0.00  0.00  0.00  0.28
13200000  0.00  0.90  0.02  0.00  0.00  0.03  0.00  0.00  0.03  0.00  0.00  0.00  0.00  0.00  0.01  0.01
13298500  0.00  0.19  0.12  0.01  0.00  0.21  0.00  0.00  0.13  0.00  0.00  0.04  0.00  0.00  0.02  0.28
13302500  0.00  0.15  0.19  0.01  0.00  0.29  0.00  0.00  0.10  0.00  0.00  0.03  0.00  0.00  0.02  0.20
13336500  0.00  0.07  0.15  0.28  0.00  0.34  0.00  0.00  0.00  0.00  0.00  0.00  0.00  0.00  0.04  0.12
13337000  0.00  0.11  0.42  0.30  0.00  0.14  0.00  0.00  0.00  0.00  0.00  0.00  0.00  0.00  0.01  0.03
13340500  0.00  0.00  0.32  0.45  0.00  0.23  0.00  0.00  0.00  0.00  0.00  0.00  0.00  0.00  0.00  0.00
13340600  0.00  0.00  0.26  0.46  0.00  0.28  0.00  0.00  0.00  0.00  0.00  0.00  0.00  0.00  0.00  0.00
13351000  0.03  0.00  0.01  0.86  0.00  0.04  0.00  0.01  0.00  0.00  0.00  0.00  0.00  0.00  0.05  0.00
14080500  0.02  0.04  0.01  0.06  0.00  0.20  0.00  0.01  0.20  0.00  0.00  0.16  0.00  0.00  0.18  0.13
14101500  0.00  0.00  0.32  0.03  0.00  0.50  0.00  0.00  0.06  0.00  0.00  0.01  0.00  0.00  0.04  0.04
14113000  0.00  0.00  0.40  0.06  0.00  0.38  0.00  0.01  0.14  0.00  0.00  0.00  0.00  0.00  0.00  0.01
14232500  0.18  0.19  0.32  0.02  0.00  0.30  0.00  0.00  0.00  0.00  0.00  0.00  0.00  0.00  0.00  0.00
14233400  0.17  0.28  0.25  0.04  0.00  0.23  0.00  0.01  0.00  0.00  0.01  0.00  0.00  0.00  0.00  0.01
14308000  0.00  0.00  0.00  0.00  0.00  0.59  0.00  0.00  0.28  0.00  0.00  0.09  0.00  0.00  0.03  0.00
14321000  0.00  0.00  0.07  0.02  0.00  0.44  0.00  0.08  0.22  0.00  0.03  0.06  0.00  0.00  0.09  0.00
14359000  0.01  0.01  0.12  0.00  0.00  0.36  0.00  0.00  0.17  0.00  0.00  0.24  0.00  0.00  0.08  0.00
