01048000   3   0.50
01055500  15   0.40
01060000  15   0.40
01064500  15   0.45
01076500  15   0.50
01127000   3   0.49
01138000  15   0.46
01197500  15   0.54
01200000  15   0.50
01321000  15   0.65
01329000  15   0.47
01329500  15   0.46
01334500  15   0.54
01348000  15   0.45
01361000  15   0.49
01371500  15   0.46
01372500  15   0.44
01421000  15   0.62
01423000  15   0.56
01426500  15   0.55
01445000  15   0.46
01445500  15   0.39
01500500  15   0.54
01503000  15   0.52
01512500  15   0.54
01514000  15   0.57
01518000  15   0.50
01520000  15   0.50
01520500  15   0.47
01531000  15   0.51
01534000   6   0.45
01541000  15   0.56
01541500  15   0.52
01543500  15   0.42
01548500  15   0.46
01556000  15   0.45
01558000  15   0.45
01559000  15   0.42
01560000  15   0.55
01562000  15   0.49
01567000  15   0.48
01574000  15   0.50
01595000  15   0.67
01606500  15   0.62
01608500  15   0.61
01610000  15   0.61
01611500  15   0.62
01628500  15   0.53
01631000  15   0.54
01634000  15   0.58
01643000  15   0.51
01649500  15   0.38
01663500  15   0.48
01664000  15   0.44
01667500  15   0.44
01668000  15   0.47
01672500  15   0.42
01674500  15   0.38
02016000  15   0.65
02018000  15   0.61
02030500  15   0.42
02055000  15   0.54
02058400  12   0.39
02083500  15   0.27
02102000  15   0.41
02116500  15   0.39
02118000  12   0.30
02121000  15   0.35
02126000  15   0.47
02135000   7   0.25
02138500  15   0.47
02143000  15   0.40
02143040  15   0.40
02143500  12   0.47
02156500  15   0.39
02165000  12   0.41
02174000   7   0.30
02192000  15   0.40
02202000   7   0.39
02202500   7   0.40
02217500  15   0.40
02218500  15   0.40
02219500  15   0.40
02228000   7   0.36
02236000   1   0.61
02273000   1   0.63
02296750   1   0.73
02329000   7   0.49
02339500  15   0.46
02347500  15   0.44
02349500  15   0.40
02365500  15   0.31
02375500  15   0.39
02383500  15   0.46
02387000  15   0.45
02387500  15   0.46
02414500  15   0.40
02437000  15   0.31
02448000  15   0.37
02456500  15   0.53
02472000  15   0.28
02475000  15   0.31
02475500  15   0.32
02478500  15   0.33
02479300   3   0.47
02482000  15   0.36
02486000  15   0.31
02492000  15   0.32
03010500  15   0.40
03011020  15   0.46
03020500   6   0.36
03024000   4   0.38
03032500  15   0.56
03050500  15   0.61
03051000  15   0.62
03054500  15   0.65
03065000  15   0.61
03069000  15   0.63
03069500  15   0.60
03070000  15   0.60
03075500  15   0.61
03079000  15   0.61
03109500   6   0.44
03111500  15   0.51
03114500  15   0.64
03136000  15   0.35
03155500  15   0.65
03159500  15   0.42
03161000  15   0.41
03164000  15   0.43
03165500  15   0.45
03167000  15   0.51
03168000  15   0.47
03173000  15   0.52
03175500  15   0.56
03179000  15   0.53
03180500  15   0.66
03182500  15   0.63
03183500  15   0.61
03184000  15   0.60
03186500  15   0.65
03198500  15   0.57
03199000  15   0.58
03213000  15   0.58
03214000  15   0.59
03237500  15   0.42
03238500   8   0.38
03251500  15   0.58
03252500  15   0.61
03253500  15   0.59
03265000  15   0.40
03266000  15   0.41
03269500  15   0.37
03274000  15   0.40
03281500  15   0.59
03289500  15   0.49
03301500  15   0.62
03303000   4   0.40
03308500  15   0.46
03324300   8   0.48
03326500   8   0.44
03328500  15   0.40
03331500  15   0.40
03339500  15   0.40
03345500  15   0.40
03346000  15   0.40
03348000  15   0.40
03349000  15   0.40
03361500  15   0.40
03361650  15   0.40
03362500  15   0.40
03363000  15   0.40
03364000  15   0.40
03365500  15   0.39
03381500  15   0.40
03410500  15   0.58
03438000   8   0.30
03443000  15   0.45
03448000  15   0.44
03451500  15   0.43
03455000  15   0.47
03465500  15   0.49
03470000  15   0.65
03473000  15   0.53
03490000  15   0.52
03504000   6   0.40
03512000   6   0.44
03521500  15   0.44
03524000  15   0.46
03528000  15   0.49
03531500  15   0.52
03532000  15   0.50
03540500  15   0.64
03550000   6   0.50
03567500  15   0.51
03574500  15   0.59
03603000  15   0.41
04073500  15   0.39
04079000  15   0.40
04100500  15   0.40
04113000  15   0.40
04115000  15   0.40
04144000  15   0.40
04164000  15   0.40
04165500  15   0.40
04176500  15   0.40
04178000  15   0.40
04183500  15   0.40
04185000  15   0.40
04191500  15   0.38
04198000  15   0.40
04201500  15   0.40
04212000  15   0.40
04221000  15   0.45
04221500  15   0.45
04223000  15   0.51
05053000  15   0.40
05244000  15   0.39
05280000  15   0.40
05320500  15   0.40
05383000  15   0.39
05408000  15   0.38
05410490  15   0.36
05410500  15   0.36
05412500  15   0.41
05418500  15   0.42
05422000  15   0.40
05430500  15   0.39
05435500  15   0.55
05440000  15   0.40
05447500  15   0.40
05451500  15   0.40
05452000   8   0.49
05454500  15   0.40
05455500   8   0.60
05457700  15   0.41
05458500  15   0.41
05462000  15   0.42
05471500  15   0.40
05472500   8   0.55
05476500  15   0.40
05479000   6   0.40
05481000  15   0.40
05482500   6   0.42
05484500  15   0.40
05502040   4   0.38
05507500   8   0.30
05508000   8   0.32
05514500   8   0.41
05515500  15   0.34
05517000  15   0.40
05517500  15   0.36
05518000  15   0.36
05520500  15   0.37
05526000  15   0.40
05542000  15   0.40
05546500  15   0.39
05552500  15   0.40
05554500  15   0.40
05555300  15   0.40
05555500  15   0.40
05569500  15   0.40
05570000  15   0.40
05582000  15   0.40
05584500  15   0.40
05585000   8   0.40
05592500  15   0.40
05593000  15   0.39
05594000  15   0.40
06191500  15   0.41
06192500  15   0.43
06225500  15   0.52
06334500  15   0.58
06340500  15   0.45
06359500  15   0.41
06426500  15   0.62
06441500  15   0.40
06446000  15   0.41
06454500  15   0.41
06480000  15   0.39
06600500  15   0.40
06606600  15   0.40
06607200  15   0.40
06609500  15   0.40
06799500   4   0.46
06808500  15   0.40
06810000   8   0.43
06811500  15   0.40
06813000   8   0.57
06815000  15   0.43
06817000   8   0.59
06817500   8   0.59
06820500   8   0.50
06847000   4   0.53
06860000   4   0.46
06868000  15   0.44
06869500  15   0.44
06883000  15   0.40
06884400  15   0.42
06884500  15   0.42
06885500  15   0.41
06888500  15   0.59
06890500  15   0.40
06892000  15   0.40
06894000  15   0.40
06897500   9   0.43
06898000  15   0.40
06899500  15   0.40
06908000  15   0.43
06913500  15   0.54
06914000  15   0.50
06928000   8   0.36
06933500  15   0.33
07019000  15   0.36
07029500  15   0.29
07049000  15   0.35
07052500   8   0.32
07056000  15   0.38
07057500  15   0.37
07058000  15   0.37
07067000   8   0.31
07068000   8   0.30
07069500  12   0.65
07072000  12   0.43
07074000  12   0.37
07144200  15   0.40
07144780  15   0.40
07147070  11   0.41
07147800  15   0.47
07152000  15   0.33
07163000  15   0.40
07172000  15   0.65
07177500  15   0.59
07183000  15   0.48
07186000  15   0.39
07196500  11   0.35
07197000  11   0.31
07211500  15   0.49
07221000  15   0.51
07222500  15   0.61
07243500  15   0.51
07252000  15   0.41
07261000  15   0.64
07288500  15   0.32
07289500  15   0.28
07290000   4   0.35
07307800  15   0.26
07340000  15   0.57
07346000  15   0.29
07346050  15   0.37
07346070  15   0.37
07348000  15   0.30
07363500  15   0.36
07375500  15   0.31
07378000   4   0.49
07378500   4   0.40
08013500   4   0.39
08015500   4   0.43
08032000   3   0.25
08033500  15   0.29
08055500  12   0.33
08085500  15   0.33
08095000  15   0.51
08103800  15   0.48
08146000  15   0.61
08150000  15   0.65
08150700  15   0.64
08167500  15   0.65
08171000  15   0.60
08171300  15   0.61
08172000  15   0.50
08189500   7   0.52
08205500  15   0.47
08340500  15   0.49
09127998  15   0.48
09132500  15   0.40
09251000  15   0.44
09292500  15   0.51
09299500  15   0.49
09430500  15   0.59
09431500  15   0.58
09442692  15   0.32
09444500  15   0.46
09497500  15   0.55
010296000  15   0.51
010296500  15   0.55
010301500  15   0.61
010309000  15   0.63
010312000  15   0.62
011025500  15   0.66
011080500  15   0.80
011138500  15   0.80
011160000  15   0.63
011210500  15   0.47
011213500  15   0.46
011222000  15   0.48
011224500  15   0.75
011281000  15   0.38
011342000  15   0.65
011355500  15   0.44
011401500  15   0.58
011403000  15   0.58
011413000  15   0.63
011427000  15   0.60
011497500  15   0.52
011501000  15   0.49
011530000  15   0.66
011532500  15   0.63
012027500  15   0.41
012098500  15   0.43
012134500  15   0.40
012144500  15   0.40
012149000  15   0.41
012340000  15   0.40
012358500  15   0.40
012413000  15   0.40
012413500  15   0.40
012449500  15   0.40
012449950  15   0.40
012459000  15   0.40
012462500  15   0.41
013186000  15   0.54
013200000  15   0.43
013298500  15   0.41
013302500  15   0.42
013336500  15   0.46
013337000  15   0.41
013340500  15   0.40
013340600  15   0.40
013351000   4   0.44
014080500  15   0.64
014101500  15   0.54
014113000  15   0.42
014232500  15   0.42
014233400  15   0.43
014308000  15   0.54
014321000  15   0.57
014359000  15   0.57
