01048000  0.09  0.03  0.79  0.00  0.00  0.00  0.00  0.03  0.00  0.00  0.00  0.00  0.00  0.00  0.06  0.01
01055500  0.17  0.81  0.02  0.00  0.00  0.00  0.00  0.00  0.00  0.00  0.00  0.00  0.00  0.00  0.00  0.01
01060000  0.22  0.09  0.20  0.00  0.00  0.00  0.00  0.00  0.00  0.00  0.44  0.04  0.00  0.00  0.00  0.00
01064500  0.25  0.24  0.36  0.00  0.00  0.00  0.00  0.00  0.00  0.00  0.00  0.00  0.00  0.00  0.12  0.03
01076500  0.12  0.58  0.04  0.00  0.00  0.00  0.00  0.00  0.00  0.00  0.00  0.00  0.00  0.00  0.25  0.00
01127000  0.00  0.05  0.73  0.00  0.00  0.00  0.00  0.00  0.00  0.00  0.00  0.00  0.00  0.00  0.02  0.20
01138000  0.02  0.26  0.56  0.00  0.00  0.00  0.00  0.00  0.00  0.00  0.00  0.00  0.00  0.00  0.15  0.00
01197500  0.00  0.00  0.52  0.00  0.00  0.00  0.00  0.00  0.00  0.00  0.00  0.00  0.00  0.01  0.40  0.08
01200000  0.14  0.00  0.05  0.14  0.00  0.34  0.00  0.00  0.00  0.00  0.00  0.00  0.00  0.00  0.34  0.00
01321000  0.05  0.00  0.01  0.00  0.00  0.00  0.00  0.00  0.00  0.00  0.00  0.00  0.00  0.02  0.91  0.00
01329000  0.00  0.00  0.37  0.04  0.00  0.11  0.00  0.00  0.00  0.00  0.00  0.00  0.00  0.00  0.34  0.14
01329500  0.09  0.00  0.14  0.32  0.00  0.05  0.00  0.00  0.00  0.00  0.00  0.09  0.00  0.00  0.26  0.05
01334500  0.05  0.00  0.27  0.07  0.00  0.14  0.00  0.00  0.00  0.00  0.00  0.01  0.00  0.00  0.43  0.03
01348000  0.10  0.00  0.64  0.00  0.00  0.04  0.00  0.00  0.00  0.00  0.00  0.00  0.02  0.01  0.20  0.00
01361000  0.21  0.00  0.02  0.33  0.00  0.19  0.00  0.00  0.00  0.00  0.01  0.00  0.00  0.00  0.24  0.00
01371500  0.10  0.09  0.01  0.37  0.00  0.04  0.00  0.00  0.05  0.00  0.02  0.00  0.07  0.00  0.20  0.03
01372500  0.14  0.00  0.00  0.63  0.00  0.10  0.00  0.00  0.00  0.00  0.00  0.00  0.00  0.00  0.12  0.01
01421000  0.00  0.00  0.18  0.03  0.00  0.00  0.00  0.00  0.00  0.00  0.00  0.00  0.00  0.01  0.78  0.00
01423000  0.00  0.00  0.38  0.06  0.00  0.00  0.00  0.00  0.00  0.00  0.00  0.00  0.00  0.00  0.55  0.00
01426500  0.00  0.00  0.27  0.11  0.00  0.04  0.00  0.00  0.00  0.00  0.00  0.00  0.00  0.01  0.58  0.00
01445000  0.04  0.16  0.00  0.00  0.00  0.00  0.00  0.00  0.31  0.00  0.00  0.00  0.00  0.00  0.23  0.27
01445500  0.01  0.54  0.16  0.00  0.00  0.00  0.00  0.00  0.10  0.00  0.00  0.00  0.00  0.04  0.00  0.15
01500500  0.00  0.00  0.08  0.07  0.00  0.12  0.00  0.00  0.00  0.00  0.00  0.00  0.00  0.01  0.60  0.11
01503000  0.00  0.00  0.05  0.10  0.00  0.21  0.00  0.00  0.00  0.00  0.00  0.00  0.00  0.00  0.53  0.11
01512500  0.01  0.00  0.02  0.04  0.00  0.14  0.00  0.00  0.00  0.00  0.00  0.00  0.01  0.00  0.68  0.11
01514000  0.00  0.00  0.05  0.00  0.00  0.00  0.00  0.00  0.00  0.00  0.00  0.00  0.00  0.00  0.84  0.10
01518000  0.00  0.09  0.05  0.28  0.00  0.17  0.00  0.00  0.00  0.00  0.02  0.00  0.00  0.00  0.39  0.00
01520000  0.00  0.09  0.05  0.28  0.00  0.18  0.00  0.00  0.00  0.00  0.02  0.00  0.00  0.00  0.38  0.00
01520500  0.00  0.10  0.02  0.10  0.00  0.52  0.00  0.00  0.00  0.00  0.01  0.00  0.00  0.00  0.25  0.00
01531000  0.00  0.03  0.02  0.05  0.00  0.31  0.00  0.00  0.00  0.00  0.00  0.00  0.00  0.00  0.50  0.08
01534000  0.00  0.03  0.00  0.00  0.00  0.93  0.00  0.00  0.00  0.00  0.00  0.00  0.00  0.00  0.03  0.00
01541000  0.00  0.00  0.00  0.15  0.00  0.26  0.00  0.00  0.00  0.00  0.00  0.00  0.00  0.00  0.58  0.00
01541500  0.00  0.00  0.00  0.22  0.00  0.34  0.00  0.00  0.00  0.00  0.00  0.00  0.00  0.01  0.43  0.00
01543500  0.00  0.00  0.00  0.30  0.00  0.64  0.00  0.00  0.00  0.00  0.00  0.00  0.00  0.00  0.06  0.00
01548500  0.00  0.02  0.00  0.24  0.00  0.53  0.00  0.00  0.00  0.00  0.00  0.00  0.00  0.00  0.21  0.00
01556000  0.00  0.06  0.11  0.01  0.00  0.40  0.00  0.00  0.00  0.00  0.00  0.11  0.00  0.00  0.31  0.00
01558000  0.00  0.03  0.05  0.00  0.00  0.50  0.00  0.00  0.00  0.00  0.00  0.11  0.00  0.00  0.32  0.00
01559000  0.00  0.05  0.13  0.00  0.00  0.37  0.00  0.00  0.00  0.00  0.00  0.19  0.00  0.00  0.25  0.00
01560000  0.00  0.00  0.07  0.05  0.00  0.18  0.00  0.00  0.00  0.00  0.00  0.02  0.00  0.00  0.69  0.00
01562000  0.00  0.00  0.06  0.04  0.00  0.29  0.00  0.00  0.00  0.00  0.00  0.10  0.00  0.00  0.52  0.00
01567000  0.00  0.04  0.07  0.04  0.00  0.36  0.00  0.00  0.00  0.00  0.00  0.10  0.00  0.00  0.40  0.00
01574000  0.00  0.00  0.04  0.34  0.00  0.03  0.00  0.00  0.00  0.00  0.00  0.05  0.00  0.00  0.53  0.00
01595000  0.00  0.00  0.00  0.00  0.00  0.00  0.00  0.00  0.00  0.00  0.00  0.00  0.00  0.00  1.00  0.00
01606500  0.00  0.06  0.00  0.03  0.00  0.00  0.00  0.00  0.00  0.00  0.00  0.00  0.00  0.00  0.92  0.00
01608500  0.00  0.07  0.00  0.06  0.00  0.00  0.00  0.00  0.00  0.00  0.00  0.00  0.00  0.00  0.87  0.00
01610000  0.00  0.03  0.00  0.07  0.00  0.06  0.00  0.00  0.01  0.00  0.00  0.00  0.00  0.00  0.83  0.00
01611500  0.00  0.02  0.00  0.02  0.00  0.00  0.00  0.00  0.00  0.00  0.00  0.00  0.00  0.00  0.96  0.00
01628500  0.00  0.00  0.00  0.00  0.00  0.19  0.00  0.00  0.00  0.00  0.00  0.36  0.00  0.00  0.46  0.00
01631000  0.00  0.00  0.01  0.00  0.00  0.19  0.00  0.03  0.00  0.00  0.00  0.27  0.00  0.00  0.50  0.00
01634000  0.00  0.00  0.00  0.00  0.00  0.09  0.00  0.00  0.00  0.00  0.00  0.25  0.00  0.00  0.67  0.00
01643000  0.00  0.00  0.13  0.17  0.00  0.04  0.00  0.00  0.00  0.00  0.00  0.05  0.00  0.00  0.61  0.00
01649500  0.00  0.00  0.40  0.00  0.00  0.24  0.00  0.00  0.00  0.00  0.00  0.35  0.00  0.00  0.00  0.00
01663500  0.00  0.00  0.61  0.05  0.00  0.00  0.00  0.00  0.00  0.00  0.00  0.00  0.00  0.00  0.34  0.00
01664000  0.00  0.00  0.70  0.03  0.00  0.00  0.00  0.00  0.00  0.00  0.00  0.00  0.00  0.00  0.27  0.00
01667500  0.00  0.01  0.44  0.07  0.00  0.01  0.00  0.00  0.09  0.00  0.00  0.00  0.00  0.00  0.33  0.04
01668000  0.00  0.02  0.43  0.04  0.00  0.01  0.00  0.00  0.08  0.00  0.00  0.00  0.00  0.00  0.40  0.02
01672500  0.00  0.31  0.08  0.02  0.00  0.00  0.01  0.00  0.08  0.00  0.00  0.18  0.00  0.00  0.30  0.02
01674500  0.00  0.23  0.01  0.00  0.00  0.07  0.46  0.00  0.00  0.00  0.00  0.03  0.00  0.00  0.11  0.10
02016000  0.00  0.00  0.00  0.00  0.00  0.00  0.00  0.12  0.00  0.00  0.00  0.00  0.00  0.00  0.88  0.00
02018000  0.00  0.00  0.00  0.00  0.00  0.14  0.00  0.05  0.00  0.00  0.00  0.07  0.00  0.00  0.74  0.00
02030500  0.00  0.14  0.00  0.00  0.00  0.00  0.00  0.00  0.00  0.00  0.00  0.78  0.00  0.00  0.09  0.00
02055000  0.00  0.00  0.11  0.00  0.00  0.09  0.00  0.04  0.00  0.00  0.00  0.27  0.00  0.00  0.49  0.00
02058400  0.00  0.01  0.15  0.00  0.00  0.00  0.00  0.00  0.00  0.00  0.00  0.81  0.00  0.00  0.01  0.02
02083500  0.15  0.09  0.08  0.09  0.00  0.00  0.30  0.00  0.00  0.00  0.00  0.27  0.00  0.00  0.00  0.01
02102000  0.00  0.30  0.00  0.40  0.00  0.00  0.07  0.00  0.00  0.00  0.00  0.06  0.00  0.00  0.16  0.00
02116500  0.00  0.05  0.46  0.08  0.00  0.00  0.00  0.00  0.00  0.00  0.00  0.26  0.00  0.00  0.12  0.02
02118000  0.00  0.00  0.37  0.00  0.00  0.00  0.04  0.00  0.00  0.00  0.00  0.59  0.00  0.00  0.00  0.00
02121000  0.00  0.08  0.36  0.06  0.00  0.00  0.01  0.00  0.00  0.00  0.00  0.40  0.00  0.00  0.08  0.01
02126000  0.00  0.26  0.00  0.07  0.00  0.00  0.00  0.00  0.00  0.00  0.00  0.12  0.00  0.00  0.55  0.00
02135000  0.12  0.00  0.01  0.00  0.00  0.00  0.68  0.00  0.05  0.00  0.00  0.03  0.00  0.00  0.00  0.10
02138500  0.00  0.00  0.73  0.00  0.00  0.00  0.00  0.00  0.00  0.00  0.00  0.00  0.00  0.00  0.27  0.00
02143000  0.00  0.00  1.00  0.00  0.00  0.00  0.00  0.00  0.00  0.00  0.00  0.00  0.00  0.00  0.00  0.00
02143040  0.00  0.00  1.00  0.00  0.00  0.00  0.00  0.00  0.00  0.00  0.00  0.00  0.00  0.00  0.00  0.00
02143500  0.00  0.00  0.10  0.00  0.00  0.00  0.00  0.00  0.00  0.00  0.00  0.90  0.00  0.00  0.00  0.00
02156500  0.00  0.02  0.44  0.03  0.00  0.00  0.00  0.00  0.00  0.00  0.00  0.29  0.00  0.00  0.20  0.00
02165000  0.00  0.02  0.39  0.00  0.00  0.00  0.00  0.00  0.00  0.00  0.00  0.60  0.00  0.00  0.00  0.00
02174000  0.11  0.01  0.00  0.00  0.00  0.00  0.81  0.00  0.00  0.01  0.00  0.00  0.00  0.00  0.00  0.06
02192000  0.00  0.06  0.91  0.00  0.00  0.00  0.00  0.00  0.00  0.00  0.00  0.03  0.00  0.00  0.01  0.00
02202000  0.00  0.01  0.13  0.05  0.00  0.00  0.72  0.00  0.00  0.00  0.00  0.09  0.00  0.00  0.00  0.00
02202500  0.03  0.01  0.11  0.04  0.00  0.00  0.73  0.00  0.00  0.00  0.00  0.08  0.00  0.00  0.00  0.00
02217500  0.00  0.00  1.00  0.00  0.00  0.00  0.00  0.00  0.00  0.00  0.00  0.00  0.00  0.00  0.00  0.00
02218500  0.00  0.00  0.99  0.00  0.00  0.00  0.00  0.00  0.00  0.00  0.00  0.00  0.00  0.00  0.00  0.00
02219500  0.00  0.00  1.00  0.00  0.00  0.00  0.00  0.00  0.00  0.00  0.00  0.00  0.00  0.00  0.00  0.00
02228000  0.16  0.00  0.01  0.00  0.00  0.00  0.83  0.00  0.00  0.00  0.00  0.00  0.00  0.00  0.00  0.00
02236000  0.82  0.00  0.00  0.00  0.00  0.00  0.01  0.00  0.00  0.00  0.00  0.00  0.13  0.03  0.00  0.00
02273000  0.82  0.00  0.00  0.00  0.00  0.00  0.00  0.00  0.00  0.00  0.00  0.00  0.09  0.09  0.00  0.00
02296750  0.92  0.00  0.00  0.00  0.00  0.00  0.00  0.00  0.00  0.00  0.00  0.00  0.05  0.03  0.00  0.00
02329000  0.00  0.00  0.03  0.00  0.00  0.00  0.96  0.00  0.00  0.00  0.00  0.00  0.00  0.01  0.00  0.00
02339500  0.00  0.06  0.69  0.00  0.00  0.00  0.00  0.00  0.00  0.00  0.00  0.00  0.00  0.03  0.14  0.08
02347500  0.00  0.05  0.85  0.00  0.00  0.00  0.00  0.00  0.00  0.00  0.00  0.00  0.00  0.00  0.10  0.00
02349500  0.00  0.06  0.56  0.02  0.00  0.00  0.29  0.00  0.00  0.00  0.00  0.00  0.00  0.00  0.06  0.00
02365500  0.05  0.25  0.10  0.00  0.00  0.00  0.56  0.00  0.00  0.00  0.00  0.00  0.00  0.00  0.00  0.05
02375500  0.12  0.03  0.15  0.00  0.00  0.01  0.37  0.00  0.00  0.00  0.00  0.00  0.00  0.00  0.00  0.32
02383500  0.00  0.01  0.13  0.00  0.00  0.00  0.00  0.03  0.03  0.00  0.00  0.07  0.00  0.01  0.24  0.49
02387000  0.00  0.00  0.08  0.00  0.00  0.00  0.00  0.15  0.12  0.00  0.00  0.11  0.00  0.00  0.27  0.26
02387500  0.00  0.01  0.10  0.00  0.00  0.00  0.00  0.09  0.07  0.00  0.00  0.09  0.00  0.00  0.25  0.39
02414500  0.02  0.04  0.52  0.00  0.00  0.00  0.00  0.00  0.00  0.00  0.00  0.01  0.00  0.00  0.00  0.41
02437000  0.00  0.00  0.03  0.00  0.00  0.47  0.00  0.01  0.00  0.00  0.05  0.23  0.00  0.00  0.00  0.21
02448000  0.00  0.00  0.07  0.09  0.00  0.12  0.00  0.06  0.00  0.00  0.24  0.21  0.00  0.00  0.00  0.21
02456500  0.00  0.00  0.00  0.02  0.00  0.00  0.00  0.17  0.00  0.00  0.00  0.01  0.00  0.00  0.44  0.36
02472000  0.00  0.00  0.08  0.00  0.00  0.40  0.20  0.00  0.00  0.00  0.03  0.27  0.00  0.00  0.00  0.03
02475000  0.06  0.00  0.16  0.01  0.00  0.28  0.27  0.00  0.00  0.00  0.01  0.14  0.00  0.00  0.00  0.07
02475500  0.00  0.00  0.00  0.00  0.00  0.73  0.08  0.00  0.00  0.00  0.00  0.05  0.00  0.00  0.06  0.08
02478500  0.02  0.00  0.15  0.00  0.00  0.42  0.05  0.00  0.00  0.00  0.01  0.08  0.00  0.00  0.06  0.21
02479300  0.00  0.00  0.70  0.00  0.00  0.16  0.04  0.00  0.00  0.00  0.00  0.09  0.00  0.00  0.00  0.00
02482000  0.00  0.00  0.00  0.15  0.00  0.20  0.10  0.13  0.00  0.00  0.00  0.00  0.00  0.00  0.02  0.40
02486000  0.00  0.00  0.00  0.16  0.00  0.47  0.05  0.04  0.01  0.00  0.11  0.03  0.00  0.01  0.01  0.12
02492000  0.00  0.00  0.03  0.20  0.00  0.44  0.33  0.00  0.00  0.00  0.00  0.00  0.00  0.00  0.00  0.00
03010500  0.00  0.00  0.00  0.45  0.00  0.48  0.00  0.00  0.00  0.00  0.00  0.00  0.00  0.00  0.00  0.07
03011020  0.00  0.00  0.01  0.29  0.00  0.34  0.00  0.00  0.00  0.00  0.00  0.00  0.00  0.00  0.28  0.08
03020500  0.00  0.18  0.00  0.10  0.00  0.72  0.00  0.00  0.00  0.00  0.00  0.00  0.00  0.00  0.00  0.00
03024000  0.00  0.32  0.00  0.29  0.00  0.36  0.00  0.00  0.00  0.00  0.00  0.00  0.00  0.00  0.02  0.01
03032500  0.00  0.00  0.00  0.10  0.00  0.19  0.00  0.11  0.00  0.00  0.00  0.00  0.00  0.00  0.57  0.02
03050500  0.00  0.00  0.00  0.00  0.00  0.00  0.00  0.00  0.00  0.00  0.00  0.00  0.00  0.00  0.79  0.21
03051000  0.00  0.00  0.00  0.00  0.00  0.00  0.00  0.00  0.00  0.00  0.00  0.00  0.00  0.00  0.82  0.18
03054500  0.00  0.00  0.00  0.01  0.00  0.00  0.00  0.00  0.00  0.00  0.00  0.00  0.00  0.00  0.91  0.08
03065000  0.00  0.00  0.03  0.00  0.00  0.00  0.00  0.01  0.00  0.00  0.00  0.00  0.00  0.00  0.96  0.00
03069000  0.00  0.00  0.05  0.00  0.00  0.00  0.00  0.00  0.00  0.00  0.00  0.00  0.00  0.00  0.95  0.00
03069500  0.00  0.00  0.05  0.00  0.00  0.00  0.00  0.05  0.00  0.00  0.00  0.00  0.00  0.00  0.91  0.00
03070000  0.00  0.00  0.04  0.00  0.00  0.00  0.00  0.04  0.00  0.00  0.00  0.00  0.00  0.00  0.92  0.00
03075500  0.00  0.00  0.00  0.00  0.00  0.03  0.00  0.00  0.00  0.00  0.00  0.00  0.00  0.00  0.97  0.00
03079000  0.00  0.00  0.00  0.00  0.00  0.20  0.00  0.00  0.00  0.00  0.00  0.00  0.00  0.00  0.80  0.00
03109500  0.00  0.00  0.15  0.00  0.00  0.42  0.00  0.01  0.02  0.00  0.00  0.00  0.00  0.00  0.37  0.03
03111500  0.00  0.00  0.00  0.00  0.00  0.00  0.00  0.42  0.00  0.00  0.00  0.15  0.00  0.00  0.42  0.00
03114500  0.00  0.00  0.00  0.01  0.00  0.06  0.00  0.00  0.00  0.00  0.00  0.00  0.00  0.00  0.88  0.05
03136000  0.00  0.00  0.14  0.00  0.00  0.36  0.00  0.03  0.38  0.00  0.00  0.00  0.00  0.00  0.09  0.00
03155500  0.00  0.00  0.00  0.10  0.00  0.00  0.00  0.00  0.00  0.00  0.00  0.00  0.00  0.00  0.90  0.00
03159500  0.00  0.00  0.00  0.14  0.00  0.17  0.00  0.01  0.17  0.00  0.02  0.00  0.00  0.00  0.32  0.17
03161000  0.00  0.00  0.45  0.19  0.00  0.29  0.00  0.00  0.00  0.00  0.00  0.00  0.00  0.00  0.08  0.00
03164000  0.00  0.00  0.52  0.11  0.00  0.21  0.00  0.00  0.00  0.00  0.00  0.00  0.00  0.00  0.15  0.00
03165500  0.00  0.00  0.53  0.09  0.00  0.18  0.00  0.01  0.00  0.00  0.00  0.00  0.00  0.00  0.19  0.00
03167000  0.00  0.00  0.00  0.00  0.00  0.00  0.00  0.00  0.00  0.00  0.00  0.60  0.00  0.00  0.39  0.00
03168000  0.00  0.00  0.39  0.05  0.00  0.11  0.00  0.03  0.00  0.00  0.00  0.13  0.00  0.00  0.27  0.00
03173000  0.00  0.00  0.00  0.00  0.00  0.06  0.00  0.20  0.00  0.00  0.00  0.30  0.00  0.00  0.44  0.00
03175500  0.00  0.00  0.00  0.00  0.00  0.03  0.00  0.22  0.00  0.00  0.00  0.18  0.00  0.00  0.57  0.00
03179000  0.00  0.00  0.00  0.01  0.00  0.23  0.00  0.00  0.00  0.00  0.00  0.10  0.00  0.00  0.65  0.00
03180500  0.00  0.00  0.00  0.00  0.00  0.00  0.00  0.00  0.00  0.00  0.00  0.00  0.00  0.00  0.97  0.03
03182500  0.00  0.00  0.00  0.00  0.00  0.00  0.00  0.00  0.00  0.00  0.00  0.00  0.00  0.00  0.92  0.08
03183500  0.00  0.00  0.00  0.01  0.00  0.00  0.00  0.01  0.00  0.00  0.00  0.12  0.00  0.00  0.81  0.04
03184000  0.00  0.00  0.00  0.02  0.00  0.00  0.00  0.01  0.00  0.00  0.00  0.12  0.00  0.00  0.81  0.04
03186500  0.00  0.00  0.00  0.00  0.00  0.00  0.00  0.00  0.00  0.00  0.00  0.00  0.00  0.00  1.00  0.00
03198500  0.00  0.00  0.00  0.00  0.00  0.03  0.00  0.00  0.00  0.00  0.00  0.00  0.00  0.00  0.84  0.12
03199000  0.00  0.00  0.00  0.00  0.00  0.11  0.00  0.00  0.00  0.00  0.00  0.00  0.00  0.00  0.89  0.00
03213000  0.00  0.00  0.00  0.00  0.00  0.11  0.00  0.00  0.00  0.00  0.00  0.00  0.00  0.00  0.88  0.00
03214000  0.00  0.00  0.00  0.00  0.00  0.05  0.00  0.00  0.00  0.00  0.00  0.00  0.00  0.00  0.95  0.00
03237500  0.00  0.00  0.00  0.03  0.00  0.00  0.00  0.11  0.14  0.00  0.38  0.00  0.00  0.00  0.34  0.00
03238500  0.00  0.00  0.00  0.00  0.00  0.00  0.00  0.62  0.38  0.00  0.00  0.00  0.00  0.00  0.00  0.00
03251500  0.00  0.00  0.00  0.11  0.00  0.00  0.00  0.01  0.00  0.00  0.04  0.08  0.00  0.01  0.75  0.00
03252500  0.00  0.00  0.00  0.00  0.00  0.00  0.00  0.01  0.00  0.00  0.12  0.04  0.00  0.00  0.83  0.00
03253500  0.00  0.00  0.00  0.07  0.00  0.00  0.00  0.02  0.00  0.00  0.05  0.07  0.00  0.01  0.78  0.00
03265000  0.00  0.00  0.00  0.00  0.00  0.67  0.00  0.28  0.00  0.00  0.00  0.00  0.00  0.00  0.01  0.03
03266000  0.00  0.00  0.00  0.00  0.00  0.69  0.00  0.22  0.00  0.00  0.00  0.00  0.00  0.00  0.05  0.04
03269500  0.00  0.00  0.00  0.00  0.00  0.69  0.00  0.00  0.00  0.00  0.00  0.00  0.00  0.00  0.00  0.31
03274000  0.00  0.00  0.00  0.00  0.00  0.66  0.00  0.19  0.00  0.00  0.01  0.01  0.00  0.00  0.03  0.10
03281500  0.00  0.00  0.00  0.00  0.00  0.00  0.00  0.00  0.02  0.00  0.00  0.00  0.00  0.00  0.97  0.00
03289500  0.00  0.00  0.00  0.01  0.00  0.00  0.00  0.00  0.00  0.00  0.60  0.00  0.00  0.00  0.38  0.00
03301500  0.00  0.00  0.00  0.00  0.00  0.01  0.00  0.04  0.00  0.00  0.03  0.19  0.00  0.00  0.72  0.01
03303000  0.00  0.00  0.00  0.13  0.00  0.00  0.00  0.00  0.00  0.00  0.65  0.00  0.00  0.00  0.22  0.00
03308500  0.00  0.00  0.00  0.06  0.00  0.00  0.00  0.01  0.07  0.00  0.04  0.42  0.00  0.00  0.40  0.00
03324300  0.00  0.00  0.00  0.00  0.00  0.00  0.00  0.98  0.00  0.00  0.00  0.01  0.00  0.00  0.00  0.01
03326500  0.00  0.00  0.00  0.00  0.00  0.05  0.00  0.91  0.00  0.00  0.00  0.00  0.00  0.00  0.00  0.04
03328500  0.03  0.06  0.00  0.00  0.00  0.29  0.00  0.53  0.00  0.00  0.00  0.00  0.01  0.00  0.00  0.08
03331500  0.27  0.06  0.00  0.00  0.00  0.51  0.00  0.05  0.00  0.00  0.00  0.00  0.08  0.00  0.00  0.03
03339500  0.00  0.00  0.00  0.00  0.00  0.63  0.01  0.02  0.00  0.00  0.00  0.00  0.00  0.00  0.00  0.34
03345500  0.00  0.00  0.00  0.17  0.00  0.44  0.00  0.15  0.12  0.00  0.00  0.00  0.00  0.00  0.00  0.12
03346000  0.00  0.00  0.00  0.49  0.00  0.11  0.00  0.36  0.04  0.00  0.00  0.00  0.00  0.00  0.00  0.00
03348000  0.00  0.00  0.00  0.00  0.00  0.84  0.00  0.12  0.00  0.00  0.00  0.00  0.01  0.00  0.00  0.02
03349000  0.00  0.00  0.00  0.00  0.00  0.68  0.00  0.22  0.00  0.00  0.00  0.00  0.00  0.00  0.00  0.10
03361500  0.00  0.00  0.00  0.00  0.00  0.76  0.00  0.05  0.00  0.00  0.00  0.00  0.00  0.00  0.00  0.19
03361650  0.00  0.00  0.00  0.00  0.00  0.91  0.00  0.00  0.00  0.00  0.00  0.00  0.00  0.00  0.00  0.09
03362500  0.00  0.00  0.00  0.00  0.00  0.79  0.01  0.05  0.00  0.00  0.00  0.00  0.00  0.00  0.00  0.15
03363000  0.00  0.00  0.00  0.00  0.00  0.79  0.00  0.06  0.00  0.00  0.00  0.00  0.00  0.00  0.00  0.15
03364000  0.00  0.00  0.00  0.00  0.00  0.75  0.00  0.07  0.01  0.00  0.00  0.00  0.00  0.00  0.02  0.15
03365500  0.00  0.00  0.00  0.01  0.00  0.73  0.00  0.09  0.02  0.00  0.00  0.00  0.00  0.00  0.01  0.13
03381500  0.00  0.00  0.00  0.65  0.00  0.02  0.00  0.28  0.00  0.00  0.00  0.00  0.00  0.00  0.00  0.05
03410500  0.00  0.00  0.00  0.00  0.00  0.32  0.00  0.00  0.01  0.00  0.00  0.00  0.00  0.00  0.67  0.01
03438000  0.00  0.00  0.02  0.00  0.00  0.00  0.17  0.40  0.00  0.00  0.24  0.03  0.00  0.00  0.13  0.00
03443000  0.00  0.00  0.52  0.00  0.00  0.17  0.00  0.00  0.00  0.00  0.00  0.00  0.00  0.00  0.30  0.00
03448000  0.00  0.00  0.52  0.01  0.00  0.14  0.00  0.00  0.00  0.00  0.00  0.00  0.00  0.00  0.30  0.02
03451500  0.00  0.00  0.60  0.01  0.00  0.10  0.00  0.00  0.00  0.00  0.00  0.00  0.00  0.00  0.28  0.02
03455000  0.00  0.00  0.50  0.00  0.00  0.09  0.00  0.00  0.01  0.00  0.00  0.01  0.00  0.00  0.35  0.04
03465500  0.00  0.00  0.63  0.01  0.00  0.01  0.00  0.01  0.00  0.00  0.00  0.00  0.00  0.00  0.34  0.00
03470000  0.00  0.00  0.00  0.05  0.00  0.07  0.00  0.00  0.00  0.00  0.00  0.06  0.00  0.00  0.81  0.00
03473000  0.00  0.00  0.02  0.00  0.00  0.12  0.00  0.08  0.03  0.00  0.00  0.26  0.00  0.00  0.47  0.03
03490000  0.00  0.00  0.00  0.00  0.00  0.05  0.00  0.18  0.00  0.00  0.00  0.33  0.00  0.00  0.43  0.00
03504000  0.00  0.00  0.99  0.00  0.00  0.00  0.00  0.00  0.00  0.00  0.00  0.00  0.00  0.00  0.01  0.00
03512000  0.00  0.00  0.10  0.00  0.00  0.34  0.00  0.00  0.00  0.00  0.00  0.00  0.00  0.00  0.11  0.45
03521500  0.00  0.00  0.00  0.00  0.00  0.22  0.00  0.15  0.00  0.00  0.00  0.44  0.00  0.00  0.19  0.00
03524000  0.00  0.00  0.00  0.00  0.00  0.06  0.00  0.16  0.00  0.00  0.00  0.47  0.00  0.00  0.30  0.00
03528000  0.00  0.00  0.00  0.00  0.00  0.03  0.00  0.11  0.00  0.00  0.00  0.41  0.00  0.00  0.44  0.00
03531500  0.00  0.00  0.00  0.00  0.00  0.20  0.00  0.00  0.00  0.00  0.00  0.19  0.00  0.00  0.61  0.00
03532000  0.00  0.00  0.00  0.00  0.00  0.14  0.00  0.02  0.00  0.00  0.00  0.33  0.00  0.00  0.50  0.01
03540500  0.00  0.00  0.00  0.00  0.00  0.09  0.00  0.00  0.01  0.00  0.00  0.00  0.00  0.00  0.90  0.00
03550000  0.00  0.00  0.17  0.00  0.00  0.58  0.00  0.00  0.00  0.00  0.00  0.00  0.00  0.00  0.00  0.26
03567500  0.00  0.00  0.00  0.00  0.00  0.00  0.00  0.00  0.24  0.00  0.00  0.06  0.00  0.00  0.56  0.14
03574500  0.00  0.00  0.00  0.07  0.00  0.00  0.00  0.00  0.00  0.00  0.00  0.04  0.00  0.00  0.89  0.00
03603000  0.00  0.00  0.02  0.00  0.00  0.00  0.00  0.48  0.00  0.00  0.09  0.20  0.00  0.00  0.19  0.01
04073500  0.60  0.00  0.17  0.00  0.00  0.08  0.00  0.08  0.00  0.00  0.00  0.00  0.03  0.02  0.00  0.02
04079000  0.25  0.13  0.19  0.07  0.00  0.00  0.00  0.00  0.00  0.00  0.00  0.00  0.06  0.01  0.00  0.29
04100500  0.06  0.27  0.00  0.00  0.00  0.41  0.00  0.14  0.00  0.00  0.00  0.01  0.09  0.01  0.00  0.02
04113000  0.19  0.06  0.26  0.00  0.00  0.42  0.00  0.00  0.00  0.00  0.00  0.00  0.08  0.00  0.00  0.00
04115000  0.14  0.00  0.00  0.11  0.00  0.63  0.00  0.01  0.03  0.00  0.00  0.01  0.07  0.00  0.00  0.00
04144000  0.22  0.00  0.00  0.00  0.00  0.69  0.00  0.00  0.00  0.00  0.00  0.00  0.09  0.00  0.00  0.00
04164000  0.28  0.31  0.00  0.06  0.00  0.19  0.00  0.12  0.02  0.00  0.00  0.01  0.00  0.00  0.00  0.01
04165500  0.19  0.18  0.00  0.08  0.00  0.39  0.00  0.07  0.02  0.00  0.00  0.04  0.00  0.00  0.00  0.03
04176500  0.26  0.00  0.01  0.00  0.00  0.01  0.00  0.35  0.09  0.00  0.00  0.15  0.00  0.00  0.00  0.13
04178000  0.12  0.00  0.07  0.00  0.00  0.17  0.00  0.64  0.00  0.00  0.00  0.00  0.00  0.00  0.00  0.00
04183500  0.06  0.00  0.02  0.00  0.00  0.07  0.00  0.76  0.01  0.00  0.00  0.04  0.01  0.01  0.00  0.02
04185000  0.08  0.00  0.04  0.06  0.00  0.19  0.00  0.47  0.02  0.00  0.00  0.10  0.00  0.00  0.00  0.04
04191500  0.01  0.00  0.00  0.03  0.00  0.00  0.00  0.54  0.00  0.00  0.03  0.37  0.00  0.00  0.01  0.01
04198000  0.00  0.00  0.00  0.01  0.00  0.01  0.00  0.41  0.31  0.00  0.00  0.09  0.00  0.00  0.01  0.15
04201500  0.00  0.00  0.00  0.00  0.00  0.00  0.00  0.00  0.97  0.00  0.00  0.00  0.00  0.00  0.00  0.02
04212000  0.00  0.00  0.00  0.59  0.00  0.00  0.00  0.00  0.21  0.00  0.11  0.08  0.00  0.00  0.00  0.00
04221000  0.00  0.00  0.29  0.44  0.00  0.02  0.00  0.00  0.00  0.00  0.00  0.00  0.00  0.00  0.22  0.02
04221500  0.00  0.00  0.30  0.41  0.00  0.02  0.00  0.00  0.00  0.00  0.00  0.00  0.00  0.00  0.23  0.03
04223000  0.00  0.00  0.15  0.15  0.00  0.02  0.00  0.00  0.00  0.00  0.05  0.00  0.00  0.00  0.54  0.09
05053000  0.24  0.02  0.08  0.07  0.00  0.12  0.00  0.00  0.30  0.00  0.07  0.00  0.00  0.00  0.00  0.10
05244000  0.65  0.00  0.31  0.00  0.00  0.03  0.00  0.00  0.00  0.00  0.00  0.00  0.00  0.01  0.00  0.00
05280000  0.12  0.02  0.07  0.01  0.00  0.62  0.00  0.00  0.15  0.00  0.01  0.00  0.00  0.01  0.00  0.00
05320500  0.01  0.00  0.00  0.02  0.00  0.44  0.00  0.04  0.34  0.00  0.06  0.08  0.00  0.01  0.00  0.00
05383000  0.44  0.00  0.00  0.03  0.00  0.00  0.00  0.00  0.00  0.00  0.02  0.00  0.00  0.00  0.00  0.51
05408000  0.00  0.00  0.00  0.11  0.00  0.00  0.00  0.00  0.00  0.00  0.35  0.00  0.00  0.00  0.00  0.53
05410490  0.05  0.00  0.00  0.22  0.00  0.00  0.00  0.08  0.00  0.00  0.19  0.00  0.00  0.00  0.01  0.44
05410500  0.05  0.00  0.00  0.22  0.00  0.00  0.00  0.08  0.00  0.00  0.19  0.00  0.00  0.00  0.01  0.44
05412500  0.00  0.08  0.00  0.52  0.00  0.34  0.00  0.00  0.03  0.00  0.00  0.00  0.00  0.00  0.04  0.00
05418500  0.03  0.06  0.00  0.53  0.00  0.30  0.00  0.00  0.01  0.00  0.00  0.00  0.00  0.00  0.08  0.00
05422000  0.05  0.17  0.00  0.10  0.00  0.53  0.00  0.12  0.02  0.00  0.00  0.00  0.00  0.00  0.00  0.00
05430500  0.00  0.00  0.43  0.00  0.00  0.20  0.00  0.00  0.01  0.00  0.00  0.00  0.07  0.02  0.00  0.26
05435500  0.02  0.00  0.00  0.03  0.00  0.00  0.00  0.14  0.03  0.00  0.01  0.00  0.00  0.00  0.75  0.01
05440000  0.00  0.00  0.04  0.01  0.00  0.40  0.00  0.03  0.18  0.00  0.00  0.00  0.00  0.00  0.00  0.34
05447500  0.20  0.00  0.00  0.16  0.00  0.16  0.00  0.01  0.06  0.00  0.01  0.00  0.00  0.00  0.00  0.41
05451500  0.00  0.00  0.00  0.02  0.00  0.81  0.00  0.17  0.00  0.00  0.00  0.00  0.00  0.00  0.00  0.00
05452000  0.00  0.00  0.00  0.17  0.00  0.32  0.00  0.50  0.00  0.00  0.00  0.00  0.00  0.00  0.00  0.00
05454500  0.02  0.00  0.00  0.13  0.00  0.46  0.00  0.38  0.00  0.00  0.00  0.00  0.00  0.00  0.00  0.00
05455500  0.00  0.00  0.00  0.00  0.00  0.00  0.00  1.00  0.00  0.00  0.00  0.00  0.00  0.00  0.00  0.00
05457700  0.11  0.07  0.00  0.00  0.00  0.72  0.00  0.00  0.01  0.00  0.00  0.00  0.00  0.00  0.05  0.03
05458500  0.08  0.13  0.00  0.00  0.00  0.69  0.00  0.00  0.04  0.00  0.00  0.00  0.00  0.00  0.04  0.02
05462000  0.04  0.11  0.00  0.00  0.00  0.69  0.00  0.00  0.09  0.00  0.00  0.00  0.00  0.01  0.07  0.01
05471500  0.00  0.00  0.00  0.10  0.00  0.68  0.00  0.21  0.00  0.00  0.00  0.00  0.00  0.00  0.00  0.00
05472500  0.00  0.00  0.00  0.17  0.00  0.00  0.00  0.83  0.00  0.00  0.00  0.00  0.00  0.00  0.00  0.00
05476500  0.07  0.00  0.00  0.02  0.00  0.73  0.00  0.00  0.02  0.00  0.15  0.00  0.00  0.01  0.00  0.00
05479000  0.00  0.00  0.00  0.00  0.00  1.00  0.00  0.00  0.00  0.00  0.00  0.00  0.00  0.00  0.00  0.00
05481000  0.00  0.00  0.00  0.00  0.00  1.00  0.00  0.00  0.00  0.00  0.00  0.00  0.00  0.00  0.00  0.00
05482500  0.00  0.00  0.00  0.00  0.00  0.99  0.00  0.00  0.00  0.00  0.00  0.00  0.00  0.00  0.00  0.00
05484500  0.00  0.00  0.00  0.00  0.00  0.81  0.00  0.17  0.01  0.00  0.00  0.00  0.00  0.00  0.00  0.00
05502040  0.00  0.00  0.00  0.66  0.00  0.00  0.00  0.34  0.00  0.00  0.00  0.00  0.00  0.00  0.00  0.00
05507500  0.00  0.00  0.00  0.00  0.00  0.00  0.00  0.61  0.38  0.00  0.00  0.00  0.00  0.01  0.00  0.00
05508000  0.00  0.00  0.00  0.00  0.00  0.00  0.00  0.64  0.33  0.00  0.00  0.00  0.00  0.01  0.01  0.00
05514500  0.00  0.00  0.03  0.00  0.00  0.00  0.00  0.80  0.01  0.00  0.00  0.00  0.00  0.00  0.16  0.00
05515500  0.38  0.00  0.00  0.00  0.00  0.17  0.00  0.01  0.00  0.00  0.00  0.00  0.17  0.00  0.00  0.28
05517000  0.10  0.07  0.00  0.00  0.00  0.77  0.00  0.00  0.00  0.00  0.00  0.00  0.06  0.00  0.00  0.00
05517500  0.35  0.05  0.00  0.00  0.00  0.30  0.00  0.00  0.00  0.00  0.00  0.00  0.10  0.00  0.00  0.20
05518000  0.38  0.09  0.00  0.00  0.00  0.24  0.00  0.04  0.00  0.00  0.00  0.00  0.08  0.00  0.00  0.18
05520500  0.38  0.07  0.00  0.00  0.00  0.19  0.00  0.15  0.00  0.00  0.00  0.00  0.06  0.00  0.01  0.14
05526000  0.23  0.00  0.00  0.00  0.00  0.28  0.00  0.24  0.00  0.00  0.04  0.00  0.01  0.00  0.01  0.19
05542000  0.04  0.00  0.00  0.00  0.00  0.00  0.00  0.85  0.00  0.00  0.02  0.00  0.00  0.00  0.00  0.08
05546500  0.00  0.00  0.18  0.00  0.00  0.26  0.00  0.16  0.00  0.00  0.00  0.00  0.05  0.01  0.00  0.34
05552500  0.00  0.00  0.12  0.03  0.00  0.29  0.00  0.13  0.03  0.00  0.01  0.00  0.02  0.01  0.00  0.35
05554500  0.01  0.00  0.00  0.00  0.00  0.06  0.00  0.71  0.00  0.00  0.03  0.00  0.00  0.00  0.00  0.19
05555300  0.00  0.00  0.00  0.09  0.00  0.06  0.00  0.54  0.05  0.00  0.15  0.00  0.00  0.00  0.00  0.11
05555500  0.00  0.00  0.00  0.10  0.00  0.06  0.00  0.53  0.05  0.00  0.14  0.00  0.00  0.00  0.00  0.11
05569500  0.00  0.00  0.00  0.48  0.00  0.07  0.00  0.33  0.00  0.00  0.04  0.00  0.00  0.00  0.00  0.08
05570000  0.00  0.00  0.00  0.49  0.00  0.04  0.00  0.37  0.00  0.00  0.04  0.00  0.00  0.00  0.00  0.06
05582000  0.01  0.00  0.00  0.52  0.00  0.25  0.00  0.16  0.00  0.00  0.00  0.00  0.00  0.00  0.00  0.06
05584500  0.00  0.00  0.00  0.48  0.00  0.00  0.00  0.50  0.00  0.00  0.00  0.00  0.00  0.00  0.00  0.02
05585000  0.00  0.00  0.00  0.32  0.00  0.00  0.00  0.64  0.00  0.00  0.00  0.00  0.00  0.00  0.00  0.03
05592500  0.00  0.00  0.00  0.20  0.00  0.48  0.00  0.18  0.09  0.00  0.00  0.00  0.00  0.01  0.00  0.04
05593000  0.00  0.00  0.00  0.29  0.00  0.34  0.00  0.25  0.06  0.00  0.00  0.00  0.00  0.02  0.00  0.03
05594000  0.00  0.00  0.00  0.38  0.00  0.00  0.00  0.59  0.00  0.00  0.00  0.00  0.00  0.00  0.00  0.03
06191500  0.00  0.06  0.53  0.00  0.00  0.03  0.00  0.00  0.13  0.00  0.00  0.00  0.00  0.05  0.09  0.11
06192500  0.00  0.07  0.42  0.00  0.00  0.08  0.00  0.00  0.13  0.00  0.00  0.00  0.00  0.04  0.12  0.13
06225500  0.08  0.00  0.02  0.00  0.00  0.09  0.00  0.00  0.00  0.00  0.00  0.00  0.00  0.00  0.40  0.41
06334500  0.00  0.00  0.00  0.00  0.00  0.10  0.00  0.00  0.00  0.00  0.00  0.13  0.00  0.00  0.59  0.18
06340500  0.00  0.00  0.01  0.00  0.00  0.06  0.00  0.00  0.21  0.00  0.00  0.00  0.00  0.00  0.08  0.63
06359500  0.00  0.00  0.00  0.01  0.00  0.00  0.00  0.00  0.00  0.00  0.00  0.03  0.00  0.00  0.03  0.93
06426500  0.00  0.00  0.23  0.00  0.00  0.00  0.00  0.00  0.00  0.00  0.00  0.00  0.00  0.00  0.74  0.03
06441500  0.00  0.00  0.00  0.00  0.00  0.00  0.00  0.00  0.02  0.00  0.01  0.04  0.00  0.00  0.00  0.93
06446000  0.00  0.00  0.00  0.11  0.00  0.01  0.00  0.00  0.00  0.00  0.00  0.01  0.00  0.00  0.03  0.84
06454500  0.08  0.00  0.19  0.00  0.00  0.00  0.00  0.00  0.00  0.00  0.00  0.00  0.00  0.00  0.03  0.70
06480000  0.00  0.09  0.00  0.00  0.00  0.22  0.00  0.00  0.22  0.00  0.00  0.00  0.00  0.03  0.00  0.43
06600500  0.00  0.00  0.00  0.82  0.00  0.06  0.00  0.12  0.00  0.00  0.00  0.00  0.00  0.00  0.00  0.00
06606600  0.00  0.00  0.00  0.32  0.00  0.52  0.00  0.10  0.01  0.00  0.03  0.00  0.00  0.01  0.00  0.02
06607200  0.00  0.00  0.00  0.82  0.00  0.06  0.00  0.12  0.00  0.00  0.00  0.00  0.00  0.00  0.00  0.00
06609500  0.00  0.00  0.00  0.66  0.00  0.06  0.00  0.28  0.00  0.00  0.00  0.00  0.00  0.00  0.00  0.00
06799500  0.00  0.00  0.00  1.00  0.00  0.00  0.00  0.00  0.00  0.00  0.00  0.00  0.00  0.00  0.00  0.00
06808500  0.00  0.00  0.00  0.46  0.00  0.00  0.00  0.54  0.00  0.00  0.00  0.00  0.00  0.00  0.00  0.00
06810000  0.00  0.00  0.00  0.28  0.00  0.00  0.00  0.72  0.00  0.00  0.00  0.00  0.00  0.00  0.00  0.00
06811500  0.00  0.00  0.00  0.16  0.00  0.00  0.00  0.47  0.37  0.00  0.00  0.00  0.00  0.00  0.00  0.00
06813000  0.00  0.00  0.00  0.04  0.00  0.00  0.00  0.96  0.00  0.00  0.00  0.00  0.00  0.00  0.00  0.00
06815000  0.00  0.00  0.00  0.15  0.00  0.00  0.00  0.18  0.50  0.00  0.00  0.09  0.00  0.00  0.08  0.00
06817000  0.00  0.00  0.00  0.00  0.00  0.00  0.00  1.00  0.00  0.00  0.00  0.00  0.00  0.00  0.00  0.00
06817500  0.00  0.00  0.00  0.00  0.00  0.00  0.00  1.00  0.00  0.00  0.00  0.00  0.00  0.00  0.00  0.00
06820500  0.00  0.00  0.00  0.00  0.00  0.00  0.00  0.86  0.13  0.00  0.00  0.00  0.00  0.00  0.00  0.00
06847000  0.00  0.00  0.00  0.90  0.00  0.00  0.00  0.10  0.00  0.00  0.00  0.00  0.00  0.00  0.00  0.00
06860000  0.00  0.00  0.00  0.77  0.00  0.10  0.00  0.10  0.00  0.00  0.00  0.00  0.00  0.00  0.00  0.03
06868000  0.00  0.00  0.00  0.55  0.00  0.00  0.00  0.27  0.05  0.00  0.00  0.00  0.00  0.00  0.13  0.00
06869500  0.00  0.00  0.00  0.39  0.00  0.00  0.00  0.42  0.04  0.00  0.00  0.00  0.00  0.00  0.15  0.00
06883000  0.04  0.00  0.00  0.88  0.00  0.00  0.00  0.08  0.00  0.00  0.00  0.00  0.00  0.00  0.00  0.00
06884400  0.03  0.00  0.00  0.38  0.00  0.01  0.00  0.51  0.00  0.00  0.00  0.00  0.00  0.00  0.07  0.00
06884500  0.03  0.00  0.00  0.38  0.00  0.01  0.00  0.51  0.00  0.00  0.00  0.00  0.00  0.00  0.07  0.00
06885500  0.00  0.00  0.00  0.00  0.00  0.00  0.00  0.08  0.12  0.00  0.06  0.71  0.00  0.00  0.03  0.00
06888500  0.00  0.00  0.00  0.00  0.00  0.00  0.00  0.06  0.00  0.00  0.08  0.02  0.00  0.00  0.84  0.00
06890500  0.00  0.00  0.00  0.00  0.00  0.00  0.00  0.21  0.48  0.00  0.09  0.22  0.00  0.00  0.00  0.00
06892000  0.00  0.00  0.00  0.00  0.00  0.00  0.00  0.41  0.36  0.00  0.09  0.00  0.00  0.00  0.01  0.13
06894000  0.00  0.00  0.00  0.27  0.00  0.00  0.00  0.72  0.00  0.00  0.00  0.00  0.00  0.01  0.00  0.00
06897500  0.00  0.00  0.00  0.00  0.00  0.00  0.00  0.25  0.75  0.00  0.00  0.00  0.00  0.00  0.00  0.00
06898000  0.00  0.00  0.00  0.00  0.00  0.00  0.00  0.66  0.34  0.00  0.00  0.00  0.00  0.00  0.00  0.00
06899500  0.00  0.00  0.00  0.00  0.00  0.00  0.00  0.44  0.56  0.00  0.00  0.00  0.00  0.00  0.00  0.00
06908000  0.00  0.00  0.00  0.22  0.00  0.00  0.00  0.66  0.00  0.00  0.00  0.00  0.00  0.00  0.12  0.00
06913500  0.00  0.00  0.00  0.00  0.00  0.00  0.00  0.00  0.00  0.00  0.27  0.00  0.00  0.01  0.72  0.00
06914000  0.00  0.00  0.00  0.00  0.00  0.00  0.00  0.00  0.00  0.00  0.49  0.00  0.00  0.00  0.51  0.00
06928000  0.00  0.00  0.00  0.02  0.00  0.00  0.00  0.64  0.00  0.00  0.00  0.27  0.00  0.00  0.06  0.00
06933500  0.00  0.00  0.00  0.01  0.00  0.00  0.00  0.53  0.00  0.00  0.10  0.23  0.00  0.00  0.13  0.00
07019000  0.00  0.00  0.03  0.05  0.00  0.00  0.00  0.23  0.00  0.00  0.38  0.16  0.00  0.00  0.15  0.00
07029500  0.00  0.00  0.11  0.04  0.03  0.54  0.05  0.00  0.00  0.00  0.00  0.07  0.00  0.00  0.00  0.15
07049000  0.00  0.00  0.00  0.00  0.00  0.00  0.00  0.00  0.00  0.00  0.31  0.00  0.00  0.00  0.07  0.62
07052500  0.00  0.00  0.00  0.04  0.00  0.00  0.00  0.52  0.00  0.00  0.06  0.33  0.00  0.00  0.05  0.00
07056000  0.00  0.00  0.00  0.00  0.00  0.00  0.00  0.00  0.00  0.00  0.22  0.00  0.00  0.00  0.14  0.63
07057500  0.00  0.00  0.00  0.00  0.00  0.00  0.00  0.21  0.00  0.00  0.29  0.33  0.00  0.00  0.17  0.00
07058000  0.00  0.00  0.00  0.00  0.00  0.00  0.00  0.21  0.00  0.00  0.30  0.32  0.00  0.00  0.17  0.00
07067000  0.00  0.00  0.00  0.04  0.00  0.00  0.00  0.56  0.00  0.00  0.05  0.33  0.00  0.00  0.03  0.00
07068000  0.00  0.00  0.00  0.06  0.00  0.00  0.00  0.54  0.00  0.00  0.04  0.34  0.00  0.00  0.02  0.00
07069500  0.00  0.00  0.05  0.00  0.00  0.00  0.00  0.00  0.00  0.00  0.00  0.95  0.00  0.00  0.00  0.00
07072000  0.00  0.00  0.00  0.16  0.00  0.00  0.00  0.21  0.00  0.00  0.00  0.63  0.00  0.00  0.00  0.00
07074000  0.00  0.00  0.38  0.00  0.00  0.00  0.00  0.00  0.00  0.00  0.00  0.53  0.00  0.00  0.09  0.00
07144200  0.10  0.00  0.05  0.00  0.00  0.02  0.00  0.48  0.02  0.00  0.32  0.00  0.00  0.00  0.01  0.00
07144780  0.52  0.00  0.33  0.00  0.00  0.08  0.00  0.00  0.05  0.00  0.00  0.00  0.00  0.00  0.01  0.00
07147070  0.00  0.00  0.00  0.00  0.00  0.00  0.00  0.12  0.00  0.00  0.85  0.00  0.00  0.00  0.02  0.00
07147800  0.00  0.00  0.00  0.05  0.00  0.01  0.00  0.08  0.00  0.00  0.43  0.00  0.00  0.00  0.43  0.00
07152000  0.10  0.00  0.22  0.08  0.00  0.11  0.00  0.08  0.04  0.00  0.28  0.02  0.00  0.00  0.03  0.03
07163000  0.00  0.00  0.00  0.00  0.00  0.00  0.00  0.00  0.00  0.00  0.00  1.00  0.00  0.00  0.00  0.00
07172000  0.00  0.00  0.00  0.00  0.00  0.00  0.00  0.06  0.00  0.00  0.01  0.00  0.00  0.00  0.94  0.00
07177500  0.00  0.00  0.00  0.00  0.00  0.00  0.00  0.02  0.02  0.00  0.04  0.05  0.00  0.03  0.85  0.00
07183000  0.00  0.00  0.00  0.00  0.00  0.00  0.00  0.08  0.02  0.00  0.42  0.00  0.00  0.01  0.48  0.00
07186000  0.00  0.00  0.00  0.05  0.00  0.00  0.00  0.01  0.21  0.00  0.06  0.35  0.00  0.00  0.20  0.12
07196500  0.00  0.00  0.00  0.03  0.00  0.00  0.00  0.00  0.00  0.00  0.84  0.03  0.00  0.00  0.02  0.08
07197000  0.00  0.00  0.00  0.04  0.00  0.00  0.00  0.00  0.00  0.00  0.66  0.05  0.00  0.00  0.07  0.18
07211500  0.00  0.00  0.08  0.00  0.00  0.02  0.01  0.22  0.02  0.02  0.00  0.00  0.00  0.00  0.30  0.33
07221000  0.00  0.00  0.00  0.00  0.00  0.07  0.03  0.16  0.26  0.10  0.00  0.04  0.00  0.00  0.33  0.00
07222500  0.00  0.00  0.00  0.00  0.00  0.00  0.14  0.00  0.33  0.00  0.00  0.00  0.00  0.00  0.53  0.00
07243500  0.03  0.00  0.01  0.02  0.00  0.00  0.00  0.00  0.02  0.00  0.00  0.27  0.00  0.00  0.62  0.03
07252000  0.00  0.00  0.00  0.00  0.00  0.00  0.00  0.00  0.00  0.00  0.00  0.00  0.00  0.00  0.04  0.96
07261000  0.00  0.00  0.00  0.02  0.00  0.00  0.00  0.00  0.00  0.00  0.00  0.00  0.00  0.00  0.88  0.10
07288500  0.00  0.00  0.00  0.00  0.00  0.15  0.00  0.34  0.00  0.00  0.39  0.08  0.00  0.01  0.00  0.04
07289500  0.00  0.00  0.00  0.17  0.00  0.63  0.00  0.10  0.00  0.00  0.00  0.00  0.00  0.00  0.00  0.10
07290000  0.00  0.00  0.00  0.51  0.00  0.39  0.00  0.06  0.00  0.00  0.00  0.00  0.00  0.00  0.00  0.05
07307800  0.00  0.00  0.04  0.00  0.00  0.03  0.30  0.00  0.35  0.00  0.00  0.21  0.00  0.00  0.00  0.07
07340000  0.00  0.00  0.00  0.07  0.00  0.03  0.08  0.02  0.00  0.00  0.01  0.00  0.00  0.01  0.78  0.00
07346000  0.00  0.00  0.13  0.00  0.00  0.06  0.37  0.02  0.00  0.00  0.04  0.01  0.00  0.06  0.00  0.32
07346050  0.00  0.00  0.16  0.00  0.00  0.14  0.56  0.12  0.00  0.00  0.00  0.00  0.00  0.00  0.00  0.02
07346070  0.00  0.00  0.16  0.00  0.00  0.13  0.61  0.07  0.00  0.00  0.00  0.00  0.00  0.00  0.00  0.01
07348000  0.02  0.00  0.26  0.00  0.00  0.08  0.28  0.08  0.01  0.00  0.02  0.08  0.00  0.03  0.00  0.13
07363500  0.00  0.00  0.00  0.29  0.00  0.18  0.00  0.27  0.00  0.00  0.00  0.00  0.00  0.00  0.26  0.00
07375500  0.00  0.00  0.00  0.43  0.00  0.21  0.36  0.00  0.00  0.00  0.00  0.00  0.00  0.00  0.00  0.00
07378000  0.00  0.00  0.00  0.56  0.00  0.10  0.06  0.00  0.00  0.00  0.00  0.28  0.00  0.00  0.00  0.00
07378500  0.00  0.00  0.00  0.50  0.00  0.25  0.10  0.02  0.00  0.00  0.00  0.13  0.00  0.00  0.00  0.00
08013500  0.01  0.00  0.01  0.49  0.00  0.00  0.15  0.10  0.00  0.00  0.00  0.14  0.00  0.00  0.00  0.10
08015500  0.03  0.00  0.05  0.58  0.00  0.01  0.08  0.09  0.00  0.00  0.00  0.11  0.00  0.00  0.00  0.04
08032000  0.00  0.00  0.50  0.00  0.00  0.08  0.00  0.00  0.00  0.00  0.00  0.00  0.00  0.03  0.00  0.39
08033500  0.00  0.00  0.23  0.00  0.00  0.27  0.00  0.00  0.00  0.00  0.01  0.06  0.00  0.01  0.02  0.40
08055500  0.00  0.00  0.03  0.00  0.00  0.00  0.11  0.00  0.13  0.16  0.05  0.34  0.00  0.02  0.15  0.02
08085500  0.02  0.00  0.04  0.00  0.00  0.03  0.10  0.00  0.00  0.00  0.00  0.53  0.00  0.00  0.15  0.11
08095000  0.00  0.00  0.00  0.00  0.00  0.06  0.27  0.19  0.00  0.01  0.00  0.03  0.00  0.00  0.44  0.00
08103800  0.00  0.00  0.00  0.00  0.00  0.52  0.00  0.10  0.00  0.00  0.00  0.00  0.00  0.00  0.28  0.10
08146000  0.00  0.00  0.00  0.00  0.00  0.11  0.01  0.00  0.01  0.00  0.01  0.07  0.00  0.00  0.78  0.01
08150000  0.00  0.00  0.00  0.00  0.00  0.05  0.00  0.00  0.00  0.00  0.00  0.00  0.00  0.00  0.95  0.00
08150700  0.00  0.00  0.00  0.00  0.00  0.05  0.05  0.00  0.00  0.00  0.00  0.00  0.00  0.00  0.88  0.02
08167500  0.00  0.00  0.00  0.00  0.00  0.08  0.00  0.00  0.00  0.00  0.00  0.00  0.00  0.00  0.92  0.00
08171000  0.00  0.00  0.00  0.00  0.00  0.06  0.00  0.00  0.00  0.00  0.00  0.00  0.00  0.00  0.94  0.00
08171300  0.00  0.00  0.00  0.00  0.00  0.05  0.00  0.00  0.00  0.00  0.01  0.00  0.00  0.00  0.94  0.00
08172000  0.00  0.00  0.00  0.00  0.00  0.02  0.00  0.04  0.05  0.00  0.01  0.26  0.00  0.00  0.62  0.00
08189500  0.00  0.00  0.00  0.00  0.00  0.00  0.94  0.00  0.00  0.02  0.00  0.04  0.00  0.00  0.00  0.00
08205500  0.00  0.00  0.00  0.00  0.00  0.01  0.12  0.00  0.43  0.00  0.02  0.01  0.00  0.00  0.40  0.01
08340500  0.00  0.11  0.30  0.00  0.00  0.00  0.04  0.02  0.00  0.00  0.00  0.02  0.00  0.00  0.23  0.28
09127998  0.00  0.05  0.19  0.00  0.00  0.04  0.00  0.00  0.20  0.00  0.00  0.00  0.00  0.00  0.30  0.21
09132500  0.00  0.01  0.00  0.00  0.00  0.00  0.00  0.00  0.75  0.00  0.00  0.00  0.00  0.00  0.00  0.24
09251000  0.05  0.00  0.30  0.00  0.00  0.04  0.03  0.00  0.28  0.00  0.00  0.00  0.00  0.00  0.22  0.08
09292500  0.00  0.61  0.01  0.00  0.00  0.00  0.00  0.00  0.00  0.00  0.00  0.00  0.00  0.00  0.38  0.00
09299500  0.00  0.64  0.00  0.00  0.00  0.00  0.00  0.00  0.05  0.00  0.00  0.00  0.00  0.00  0.30  0.00
09430500  0.00  0.00  0.00  0.00  0.00  0.00  0.03  0.00  0.09  0.17  0.00  0.08  0.00  0.00  0.62  0.00
09431500  0.00  0.00  0.06  0.00  0.00  0.02  0.12  0.00  0.06  0.15  0.00  0.05  0.00  0.00  0.54  0.00
09442692  0.03  0.00  0.41  0.00  0.00  0.05  0.06  0.00  0.06  0.00  0.00  0.38  0.00  0.00  0.01  0.00
09444500  0.13  0.00  0.13  0.00  0.00  0.02  0.10  0.01  0.05  0.23  0.00  0.14  0.00  0.00  0.19  0.00
09497500  0.00  0.00  0.11  0.00  0.00  0.00  0.06  0.00  0.06  0.10  0.00  0.01  0.00  0.00  0.53  0.14
10296000  0.00  0.00  0.17  0.00  0.00  0.00  0.00  0.00  0.00  0.00  0.00  0.00  0.00  0.00  0.53  0.31
10296500  0.00  0.00  0.12  0.00  0.00  0.00  0.00  0.00  0.00  0.00  0.00  0.00  0.00  0.00  0.64  0.24
10301500  0.00  0.00  0.06  0.00  0.00  0.00  0.00  0.00  0.00  0.00  0.00  0.00  0.00  0.00  0.61  0.33
10309000  0.00  0.00  0.00  0.00  0.00  0.00  0.00  0.00  0.00  0.00  0.00  0.00  0.00  0.00  0.86  0.14
10312000  0.01  0.00  0.08  0.00  0.00  0.00  0.00  0.00  0.00  0.00  0.00  0.00  0.00  0.00  0.67  0.24
11025500  0.00  0.00  0.03  0.00  0.00  0.00  0.00  0.00  0.00  0.00  0.00  0.00  0.00  0.00  0.94  0.03
11080500  0.00  0.00  0.00  0.00  0.00  0.00  0.00  0.00  0.00  0.00  0.00  0.00  0.00  0.00  1.00  0.00
11138500  0.00  0.00  0.00  0.00  0.00  0.00  0.00  0.00  0.00  0.00  0.00  0.00  0.00  0.00  1.00  0.00
11160000  0.00  0.00  0.00  0.00  0.00  0.00  0.03  0.00  0.00  0.00  0.00  0.00  0.00  0.00  0.97  0.00
11210500  0.00  0.00  0.06  0.00  0.00  0.00  0.26  0.00  0.00  0.00  0.00  0.00  0.00  0.00  0.31  0.36
11213500  0.00  0.00  0.10  0.00  0.00  0.00  0.10  0.00  0.00  0.00  0.00  0.00  0.00  0.00  0.29  0.51
11222000  0.08  0.00  0.09  0.00  0.00  0.00  0.10  0.00  0.00  0.00  0.00  0.00  0.00  0.01  0.37  0.35
11224500  0.00  0.00  0.00  0.00  0.00  0.00  0.00  0.00  0.00  0.00  0.00  0.00  0.00  0.00  1.00  0.00
11281000  0.00  0.00  0.22  0.00  0.00  0.00  0.37  0.00  0.00  0.00  0.00  0.00  0.00  0.00  0.20  0.20
11342000  0.00  0.00  0.00  0.00  0.00  0.00  0.00  0.00  0.00  0.00  0.00  0.00  0.00  0.00  0.99  0.01
11355500  0.01  0.00  0.00  0.00  0.00  0.61  0.00  0.00  0.00  0.00  0.00  0.00  0.00  0.00  0.19  0.19
11401500  0.00  0.00  0.00  0.00  0.00  0.18  0.00  0.00  0.00  0.00  0.00  0.00  0.00  0.00  0.72  0.10
11403000  0.00  0.00  0.00  0.00  0.00  0.14  0.00  0.00  0.00  0.00  0.00  0.00  0.00  0.00  0.76  0.09
11413000  0.00  0.00  0.08  0.00  0.00  0.00  0.00  0.00  0.00  0.00  0.00  0.00  0.00  0.00  0.90  0.02
11427000  0.00  0.00  0.00  0.00  0.00  0.00  0.00  0.00  0.11  0.00  0.00  0.00  0.00  0.00  0.71  0.18
11497500  0.24  0.00  0.00  0.00  0.00  0.01  0.00  0.04  0.00  0.00  0.00  0.00  0.00  0.00  0.55  0.17
11501000  0.35  0.00  0.00  0.00  0.00  0.01  0.00  0.06  0.00  0.00  0.00  0.00  0.00  0.00  0.38  0.20
11530000  0.00  0.00  0.00  0.00  0.00  0.00  0.00  0.00  0.03  0.00  0.00  0.00  0.00  0.01  0.96  0.00
11532500  0.00  0.00  0.00  0.00  0.00  0.00  0.00  0.00  0.00  0.00  0.01  0.05  0.00  0.00  0.94  0.00
12027500  0.06  0.00  0.00  0.22  0.00  0.29  0.00  0.26  0.00  0.00  0.12  0.00  0.00  0.00  0.05  0.00
12098500  0.04  0.10  0.00  0.01  0.00  0.00  0.00  0.00  0.00  0.00  0.00  0.00  0.00  0.00  0.15  0.69
12134500  0.00  0.00  0.00  0.01  0.00  0.00  0.00  0.00  0.00  0.00  0.00  0.00  0.00  0.00  0.00  0.99
12144500  0.13  0.00  0.00  0.04  0.00  0.00  0.00  0.00  0.00  0.00  0.00  0.00  0.00  0.00  0.00  0.83
12149000  0.12  0.00  0.00  0.04  0.00  0.00  0.00  0.00  0.00  0.00  0.00  0.00  0.00  0.00  0.04  0.80
12340000  0.01  0.12  0.29  0.00  0.00  0.15  0.05  0.00  0.30  0.00  0.00  0.02  0.00  0.00  0.00  0.06
12358500  0.00  0.00  0.36  0.00  0.00  0.00  0.13  0.00  0.00  0.00  0.01  0.01  0.00  0.01  0.01  0.47
12413000  0.00  0.06  0.79  0.00  0.00  0.15  0.00  0.00  0.00  0.00  0.00  0.00  0.00  0.00  0.00  0.00
12413500  0.00  0.08  0.62  0.00  0.00  0.30  0.00  0.00  0.00  0.00  0.00  0.00  0.00  0.00  0.00  0.00
12449500  0.04  0.00  0.26  0.00  0.00  0.52  0.00  0.00  0.00  0.00  0.00  0.00  0.00  0.00  0.01  0.18
12449950  0.05  0.00  0.38  0.00  0.00  0.41  0.00  0.00  0.00  0.00  0.00  0.00  0.00  0.00  0.01  0.15
12459000  0.03  0.00  0.39  0.00  0.00  0.01  0.00  0.00  0.09  0.00  0.00  0.00  0.00  0.00  0.01  0.47
12462500  0.03  0.00  0.36  0.00  0.00  0.02  0.00  0.00  0.16  0.00  0.00  0.00  0.00  0.00  0.04  0.39
13186000  0.00  0.00  0.00  0.00  0.00  0.04  0.00  0.00  0.00  0.00  0.00  0.00  0.00  0.00  0.69  0.27
13200000  0.62  0.27  0.00  0.00  0.00  0.00  0.00  0.00  0.00  0.00  0.00  0.00  0.00  0.00  0.11  0.00
13298500  0.02  0.20  0.07  0.00  0.00  0.24  0.00  0.00  0.00  0.00  0.00  0.00  0.00  0.00  0.03  0.43
13302500  0.02  0.19  0.19  0.00  0.00  0.18  0.00  0.00  0.00  0.00  0.00  0.02  0.00  0.00  0.05  0.36
13336500  0.00  0.06  0.09  0.00  0.00  0.56  0.00  0.00  0.00  0.00  0.00  0.00  0.00  0.00  0.21  0.08
13337000  0.03  0.20  0.28  0.00  0.00  0.02  0.00  0.00  0.00  0.00  0.00  0.00  0.00  0.00  0.04  0.43
13340500  0.00  0.00  0.49  0.03  0.00  0.08  0.00  0.00  0.00  0.00  0.00  0.00  0.00  0.00  0.00  0.40
13340600  0.00  0.00  0.41  0.06  0.00  0.11  0.00  0.00  0.00  0.00  0.00  0.00  0.00  0.00  0.00  0.42
13351000  0.15  0.00  0.00  0.45  0.00  0.07  0.00  0.20  0.00  0.00  0.00  0.00  0.00  0.00  0.12  0.00
14080500  0.03  0.08  0.00  0.00  0.00  0.00  0.00  0.00  0.00  0.00  0.01  0.01  0.00  0.00  0.87  0.00
14101500  0.00  0.00  0.00  0.00  0.00  0.23  0.00  0.00  0.12  0.00  0.00  0.00  0.00  0.00  0.63  0.01
14113000  0.00  0.00  0.28  0.00  0.00  0.36  0.00  0.03  0.20  0.00  0.00  0.00  0.00  0.00  0.12  0.01
14232500  0.00  0.03  0.66  0.08  0.00  0.15  0.00  0.00  0.00  0.00  0.00  0.00  0.00  0.00  0.08  0.00
14233400  0.00  0.10  0.49  0.11  0.00  0.05  0.00  0.00  0.00  0.00  0.02  0.00  0.00  0.00  0.14  0.09
14308000  0.00  0.00  0.00  0.00  0.00  0.37  0.00  0.00  0.00  0.00  0.00  0.00  0.00  0.00  0.63  0.00
14321000  0.00  0.00  0.05  0.00  0.00  0.24  0.00  0.00  0.00  0.00  0.00  0.02  0.00  0.00  0.68  0.00
14359000  0.01  0.00  0.12  0.00  0.00  0.11  0.00  0.00  0.00  0.00  0.00  0.00  0.00  0.00  0.76  0.00
