01048000  0.06  0.04  0.87  0.01  0.00  0.00  0.00  0.02  0.00  0.00  0.00  0.00  0.00  0.00  0.01  0.00
01055500  0.11  0.38  0.50  0.00  0.00  0.00  0.00  0.00  0.00  0.00  0.00  0.00  0.00  0.00  0.00  0.00
01060000  0.15  0.11  0.26  0.15  0.00  0.00  0.00  0.17  0.00  0.00  0.00  0.16  0.00  0.00  0.00  0.00
01064500  0.25  0.18  0.44  0.00  0.00  0.00  0.00  0.00  0.00  0.00  0.00  0.00  0.00  0.00  0.11  0.02
01076500  0.12  0.43  0.20  0.02  0.00  0.00  0.00  0.00  0.00  0.00  0.00  0.00  0.00  0.00  0.22  0.02
01127000  0.00  0.03  0.81  0.00  0.00  0.00  0.00  0.00  0.00  0.00  0.00  0.00  0.00  0.00  0.01  0.15
01138000  0.02  0.22  0.60  0.02  0.00  0.00  0.00  0.00  0.00  0.00  0.00  0.00  0.00  0.00  0.13  0.00
01197500  0.00  0.00  0.41  0.20  0.00  0.09  0.00  0.00  0.00  0.00  0.00  0.00  0.00  0.01  0.26  0.03
01200000  0.09  0.00  0.22  0.17  0.00  0.38  0.00  0.00  0.00  0.00  0.00  0.00  0.00  0.00  0.15  0.00
01321000  0.01  0.01  0.59  0.03  0.00  0.00  0.00  0.00  0.00  0.00  0.00  0.00  0.03  0.02  0.30  0.00
01329000  0.00  0.00  0.41  0.24  0.00  0.19  0.00  0.00  0.00  0.00  0.00  0.00  0.00  0.00  0.12  0.05
01329500  0.06  0.00  0.19  0.47  0.00  0.08  0.00  0.00  0.00  0.00  0.00  0.09  0.00  0.00  0.09  0.02
01334500  0.03  0.00  0.23  0.27  0.00  0.19  0.00  0.00  0.00  0.00  0.00  0.01  0.00  0.00  0.26  0.01
01348000  0.06  0.02  0.58  0.19  0.00  0.05  0.00  0.00  0.00  0.00  0.00  0.00  0.03  0.01  0.07  0.00
01361000  0.14  0.00  0.08  0.38  0.00  0.21  0.00  0.00  0.00  0.00  0.00  0.00  0.00  0.00  0.18  0.00
01371500  0.06  0.00  0.15  0.38  0.00  0.16  0.00  0.01  0.05  0.00  0.01  0.00  0.07  0.00  0.10  0.02
01372500  0.09  0.00  0.05  0.65  0.00  0.15  0.00  0.00  0.00  0.00  0.00  0.00  0.00  0.00  0.05  0.00
01421000  0.00  0.00  0.06  0.10  0.00  0.53  0.00  0.00  0.00  0.00  0.00  0.00  0.00  0.01  0.29  0.01
01423000  0.00  0.00  0.13  0.21  0.00  0.48  0.00  0.00  0.00  0.00  0.00  0.00  0.00  0.00  0.19  0.00
01426500  0.00  0.00  0.09  0.25  0.00  0.48  0.00  0.00  0.00  0.00  0.00  0.00  0.00  0.01  0.17  0.00
01445000  0.00  0.00  0.34  0.00  0.00  0.16  0.00  0.00  0.31  0.00  0.00  0.00  0.01  0.00  0.08  0.10
01445500  0.00  0.00  0.69  0.02  0.00  0.07  0.00  0.00  0.14  0.00  0.00  0.00  0.00  0.04  0.00  0.05
01500500  0.00  0.00  0.03  0.57  0.00  0.24  0.00  0.00  0.00  0.00  0.00  0.00  0.00  0.01  0.10  0.05
01503000  0.00  0.00  0.02  0.60  0.00  0.30  0.00  0.00  0.00  0.00  0.00  0.00  0.00  0.00  0.06  0.02
01512500  0.01  0.00  0.00  0.79  0.00  0.18  0.00  0.00  0.00  0.00  0.00  0.00  0.01  0.00  0.01  0.00
01514000  0.00  0.00  0.00  0.96  0.00  0.04  0.00  0.00  0.00  0.00  0.00  0.00  0.00  0.00  0.00  0.00
01518000  0.00  0.00  0.02  0.63  0.00  0.23  0.00  0.00  0.00  0.00  0.00  0.00  0.00  0.00  0.09  0.04
01520000  0.00  0.00  0.02  0.63  0.00  0.23  0.00  0.00  0.00  0.00  0.00  0.00  0.00  0.00  0.08  0.04
01520500  0.00  0.00  0.01  0.46  0.00  0.43  0.00  0.00  0.00  0.00  0.00  0.00  0.00  0.00  0.07  0.05
01531000  0.00  0.00  0.01  0.67  0.00  0.27  0.00  0.00  0.00  0.00  0.00  0.00  0.00  0.00  0.04  0.02
01534000  0.00  0.00  0.00  0.08  0.00  0.90  0.00  0.00  0.00  0.00  0.00  0.00  0.00  0.00  0.02  0.00
01541000  0.00  0.00  0.18  0.15  0.00  0.48  0.00  0.01  0.00  0.00  0.00  0.00  0.00  0.00  0.19  0.00
01541500  0.00  0.00  0.23  0.18  0.00  0.40  0.00  0.03  0.00  0.00  0.00  0.00  0.00  0.01  0.14  0.00
01543500  0.00  0.00  0.16  0.30  0.00  0.52  0.00  0.00  0.00  0.00  0.00  0.00  0.00  0.00  0.02  0.00
01548500  0.00  0.00  0.13  0.35  0.00  0.40  0.00  0.00  0.00  0.00  0.00  0.00  0.00  0.00  0.06  0.06
01556000  0.00  0.00  0.38  0.18  0.00  0.27  0.00  0.00  0.00  0.00  0.00  0.11  0.00  0.00  0.07  0.00
01558000  0.00  0.00  0.38  0.17  0.00  0.28  0.00  0.00  0.00  0.00  0.00  0.11  0.00  0.00  0.06  0.00
01559000  0.00  0.00  0.38  0.12  0.00  0.21  0.00  0.00  0.00  0.00  0.03  0.19  0.00  0.00  0.06  0.00
01560000  0.00  0.00  0.18  0.30  0.00  0.32  0.00  0.05  0.00  0.00  0.00  0.02  0.00  0.00  0.13  0.00
01562000  0.00  0.00  0.26  0.22  0.00  0.28  0.00  0.05  0.00  0.00  0.00  0.10  0.00  0.00  0.09  0.00
01567000  0.00  0.00  0.31  0.16  0.00  0.27  0.00  0.01  0.00  0.00  0.04  0.10  0.00  0.00  0.10  0.00
01574000  0.00  0.00  0.06  0.87  0.00  0.01  0.00  0.01  0.00  0.00  0.00  0.05  0.00  0.00  0.00  0.01
01595000  0.00  0.00  0.07  0.30  0.00  0.30  0.00  0.00  0.00  0.00  0.00  0.00  0.00  0.00  0.30  0.04
01606500  0.00  0.06  0.44  0.05  0.00  0.21  0.00  0.07  0.00  0.00  0.00  0.00  0.00  0.00  0.15  0.02
01608500  0.00  0.07  0.33  0.07  0.00  0.30  0.00  0.04  0.00  0.00  0.00  0.00  0.00  0.00  0.17  0.02
01610000  0.00  0.03  0.25  0.15  0.00  0.31  0.00  0.03  0.01  0.00  0.00  0.00  0.00  0.00  0.17  0.04
01611500  0.00  0.11  0.38  0.02  0.00  0.25  0.00  0.00  0.00  0.00  0.00  0.00  0.00  0.00  0.11  0.13
01628500  0.00  0.00  0.14  0.02  0.00  0.27  0.00  0.00  0.00  0.00  0.00  0.42  0.00  0.00  0.15  0.00
01631000  0.00  0.00  0.16  0.05  0.00  0.27  0.00  0.03  0.01  0.00  0.00  0.31  0.00  0.00  0.17  0.00
01634000  0.00  0.00  0.15  0.00  0.00  0.30  0.00  0.00  0.00  0.00  0.00  0.34  0.00  0.00  0.22  0.00
01643000  0.00  0.00  0.12  0.64  0.00  0.01  0.00  0.08  0.00  0.02  0.00  0.05  0.00  0.00  0.00  0.09
01649500  0.00  0.03  0.10  0.08  0.00  0.16  0.23  0.27  0.00  0.00  0.00  0.12  0.00  0.00  0.00  0.00
01663500  0.00  0.00  0.01  0.27  0.00  0.00  0.03  0.00  0.58  0.00  0.00  0.00  0.00  0.00  0.11  0.00
01664000  0.00  0.00  0.00  0.21  0.00  0.00  0.04  0.00  0.66  0.00  0.00  0.00  0.00  0.00  0.09  0.00
01667500  0.00  0.00  0.00  0.32  0.00  0.00  0.02  0.00  0.52  0.00  0.00  0.06  0.00  0.00  0.09  0.00
01668000  0.00  0.00  0.00  0.27  0.00  0.00  0.03  0.11  0.43  0.02  0.00  0.08  0.00  0.00  0.06  0.00
01672500  0.00  0.04  0.04  0.01  0.00  0.00  0.03  0.30  0.10  0.25  0.00  0.23  0.00  0.00  0.00  0.00
01674500  0.00  0.02  0.10  0.00  0.00  0.02  0.51  0.11  0.01  0.20  0.00  0.04  0.00  0.00  0.00  0.00
02016000  0.00  0.00  0.33  0.00  0.00  0.24  0.00  0.12  0.00  0.00  0.00  0.00  0.00  0.00  0.30  0.00
02018000  0.00  0.00  0.43  0.00  0.00  0.20  0.00  0.05  0.00  0.00  0.00  0.07  0.00  0.00  0.25  0.00
02030500  0.00  0.09  0.00  0.00  0.00  0.00  0.00  0.09  0.00  0.00  0.00  0.82  0.00  0.00  0.00  0.00
02055000  0.00  0.00  0.05  0.00  0.00  0.23  0.00  0.04  0.11  0.00  0.00  0.41  0.00  0.00  0.16  0.00
02058400  0.00  0.00  0.00  0.00  0.00  0.00  0.00  0.01  0.15  0.00  0.00  0.82  0.00  0.00  0.00  0.02
02083500  0.05  0.02  0.30  0.01  0.00  0.00  0.00  0.08  0.05  0.15  0.00  0.33  0.00  0.00  0.00  0.01
02102000  0.00  0.05  0.00  0.00  0.00  0.00  0.01  0.46  0.09  0.05  0.00  0.21  0.00  0.00  0.00  0.12
02116500  0.00  0.00  0.05  0.01  0.00  0.05  0.01  0.06  0.12  0.16  0.00  0.33  0.00  0.00  0.06  0.13
02118000  0.00  0.00  0.00  0.00  0.00  0.00  0.00  0.00  0.25  0.16  0.00  0.59  0.00  0.00  0.00  0.00
02121000  0.00  0.01  0.03  0.01  0.00  0.03  0.01  0.05  0.13  0.14  0.00  0.45  0.00  0.00  0.04  0.10
02126000  0.00  0.07  0.00  0.00  0.00  0.00  0.00  0.48  0.13  0.00  0.00  0.15  0.00  0.00  0.00  0.17
02135000  0.07  0.05  0.54  0.00  0.00  0.03  0.16  0.00  0.05  0.00  0.00  0.06  0.00  0.00  0.00  0.03
02138500  0.00  0.00  0.02  0.00  0.00  0.80  0.00  0.00  0.02  0.00  0.00  0.06  0.00  0.00  0.09  0.02
02143000  0.00  0.00  0.00  0.00  0.00  0.00  0.00  0.00  0.43  0.30  0.00  0.09  0.00  0.00  0.00  0.18
02143040  0.00  0.00  0.00  0.00  0.00  0.00  0.00  0.00  0.71  0.00  0.00  0.10  0.00  0.00  0.00  0.20
02143500  0.00  0.00  0.00  0.00  0.00  0.00  0.00  0.00  0.03  0.07  0.00  0.90  0.00  0.00  0.00  0.00
02156500  0.00  0.00  0.04  0.00  0.00  0.03  0.00  0.03  0.16  0.19  0.00  0.38  0.00  0.00  0.03  0.14
02165000  0.00  0.00  0.00  0.00  0.00  0.00  0.00  0.00  0.02  0.00  0.00  0.97  0.00  0.00  0.00  0.02
02174000  0.44  0.01  0.09  0.00  0.00  0.02  0.32  0.00  0.00  0.07  0.00  0.02  0.00  0.00  0.00  0.02
02192000  0.00  0.02  0.00  0.00  0.00  0.02  0.00  0.00  0.00  0.00  0.00  0.95  0.00  0.00  0.00  0.00
02202000  0.06  0.02  0.02  0.02  0.00  0.00  0.65  0.00  0.00  0.00  0.00  0.22  0.00  0.00  0.00  0.01
02202500  0.09  0.05  0.06  0.01  0.00  0.00  0.61  0.00  0.00  0.00  0.00  0.18  0.00  0.00  0.00  0.01
02217500  0.00  0.00  0.00  0.00  0.00  0.00  0.00  0.00  0.00  0.00  0.00  1.00  0.00  0.00  0.00  0.00
02218500  0.00  0.00  0.00  0.00  0.00  0.00  0.00  0.00  0.00  0.00  0.00  0.99  0.00  0.00  0.00  0.00
02219500  0.00  0.00  0.00  0.00  0.00  0.00  0.00  0.00  0.00  0.00  0.00  1.00  0.00  0.00  0.00  0.00
02228000  0.17  0.27  0.17  0.00  0.00  0.00  0.38  0.00  0.00  0.00  0.00  0.00  0.01  0.00  0.00  0.00
02236000  0.72  0.00  0.11  0.00  0.00  0.00  0.01  0.00  0.00  0.00  0.00  0.00  0.13  0.03  0.00  0.00
02273000  0.78  0.00  0.04  0.00  0.00  0.00  0.00  0.00  0.00  0.00  0.00  0.00  0.09  0.09  0.00  0.00
02296750  0.90  0.00  0.03  0.00  0.00  0.00  0.00  0.00  0.00  0.00  0.00  0.00  0.05  0.03  0.00  0.00
02329000  0.12  0.09  0.03  0.00  0.00  0.00  0.75  0.00  0.00  0.00  0.00  0.00  0.00  0.01  0.00  0.00
02339500  0.00  0.00  0.00  0.00  0.00  0.04  0.01  0.00  0.00  0.00  0.00  0.72  0.00  0.03  0.14  0.05
02347500  0.00  0.00  0.01  0.00  0.00  0.00  0.03  0.00  0.01  0.02  0.00  0.85  0.00  0.00  0.06  0.02
02349500  0.08  0.00  0.00  0.01  0.00  0.00  0.24  0.00  0.00  0.01  0.00  0.57  0.00  0.00  0.04  0.04
02365500  0.01  0.39  0.16  0.00  0.00  0.00  0.37  0.00  0.05  0.00  0.00  0.00  0.02  0.00  0.00  0.00
02375500  0.01  0.04  0.15  0.00  0.00  0.01  0.43  0.01  0.35  0.00  0.00  0.00  0.00  0.00  0.00  0.00
02383500  0.00  0.00  0.00  0.00  0.00  0.10  0.01  0.04  0.11  0.00  0.00  0.10  0.00  0.01  0.07  0.57
02387000  0.00  0.00  0.00  0.02  0.00  0.09  0.00  0.23  0.15  0.00  0.01  0.18  0.00  0.00  0.05  0.27
02387500  0.00  0.00  0.00  0.01  0.00  0.09  0.01  0.13  0.12  0.00  0.00  0.14  0.00  0.00  0.06  0.43
02414500  0.00  0.00  0.04  0.00  0.00  0.21  0.03  0.00  0.00  0.00  0.00  0.57  0.00  0.00  0.00  0.15
02437000  0.00  0.00  0.01  0.01  0.00  0.09  0.09  0.01  0.50  0.00  0.05  0.23  0.00  0.00  0.00  0.00
02448000  0.00  0.00  0.05  0.12  0.00  0.04  0.00  0.06  0.10  0.00  0.23  0.29  0.00  0.00  0.00  0.10
02456500  0.00  0.00  0.24  0.05  0.00  0.06  0.00  0.15  0.04  0.00  0.00  0.01  0.00  0.00  0.19  0.26
02472000  0.00  0.00  0.10  0.00  0.00  0.10  0.16  0.00  0.32  0.00  0.03  0.30  0.00  0.00  0.00  0.00
02475000  0.03  0.00  0.21  0.04  0.00  0.18  0.11  0.01  0.19  0.00  0.01  0.21  0.00  0.00  0.00  0.00
02475500  0.00  0.00  0.00  0.00  0.00  0.12  0.15  0.02  0.45  0.00  0.00  0.22  0.00  0.00  0.04  0.00
02478500  0.01  0.00  0.18  0.00  0.00  0.08  0.07  0.05  0.31  0.00  0.01  0.27  0.00  0.00  0.01  0.00
02479300  0.00  0.00  0.71  0.00  0.00  0.17  0.01  0.00  0.00  0.00  0.00  0.10  0.00  0.00  0.00  0.00
02482000  0.00  0.00  0.00  0.15  0.00  0.03  0.03  0.05  0.13  0.00  0.00  0.57  0.00  0.00  0.02  0.01
02486000  0.00  0.00  0.00  0.19  0.00  0.03  0.04  0.03  0.37  0.00  0.11  0.21  0.00  0.01  0.00  0.00
02492000  0.00  0.00  0.03  0.25  0.02  0.20  0.20  0.09  0.21  0.00  0.00  0.00  0.00  0.00  0.00  0.00
03010500  0.00  0.00  0.23  0.51  0.00  0.26  0.00  0.00  0.00  0.00  0.00  0.00  0.00  0.00  0.00  0.00
03011020  0.00  0.00  0.11  0.53  0.00  0.32  0.00  0.00  0.00  0.00  0.00  0.00  0.00  0.00  0.03  0.01
03020500  0.00  0.00  0.03  0.36  0.00  0.62  0.00  0.00  0.00  0.00  0.00  0.00  0.00  0.00  0.00  0.00
03024000  0.00  0.00  0.00  0.75  0.00  0.25  0.00  0.00  0.00  0.00  0.00  0.00  0.00  0.00  0.00  0.00
03032500  0.00  0.00  0.13  0.13  0.00  0.44  0.00  0.11  0.00  0.00  0.00  0.00  0.00  0.00  0.19  0.00
03050500  0.00  0.00  0.00  0.11  0.00  0.37  0.00  0.32  0.00  0.00  0.00  0.00  0.00  0.00  0.20  0.00
03051000  0.00  0.00  0.00  0.11  0.00  0.40  0.00  0.26  0.00  0.00  0.00  0.00  0.00  0.00  0.23  0.00
03054500  0.00  0.00  0.00  0.07  0.00  0.53  0.00  0.12  0.00  0.00  0.00  0.00  0.00  0.00  0.28  0.00
03065000  0.00  0.00  0.17  0.12  0.00  0.13  0.00  0.38  0.00  0.00  0.00  0.00  0.00  0.00  0.06  0.13
03069000  0.00  0.00  0.17  0.15  0.00  0.19  0.00  0.26  0.00  0.00  0.00  0.00  0.00  0.00  0.16  0.07
03069500  0.00  0.00  0.20  0.11  0.00  0.16  0.00  0.30  0.00  0.00  0.02  0.00  0.00  0.00  0.09  0.12
03070000  0.00  0.00  0.16  0.10  0.00  0.25  0.00  0.23  0.00  0.00  0.01  0.00  0.00  0.00  0.08  0.16
03075500  0.00  0.00  0.20  0.20  0.00  0.23  0.07  0.00  0.00  0.00  0.00  0.00  0.00  0.00  0.09  0.21
03079000  0.00  0.00  0.14  0.08  0.00  0.49  0.07  0.00  0.00  0.00  0.00  0.00  0.00  0.00  0.22  0.01
03109500  0.00  0.00  0.00  0.00  0.00  0.89  0.00  0.06  0.02  0.00  0.00  0.00  0.00  0.00  0.03  0.00
03111500  0.00  0.00  0.00  0.00  0.00  0.25  0.00  0.48  0.00  0.00  0.05  0.10  0.00  0.00  0.12  0.00
03114500  0.00  0.00  0.00  0.01  0.00  0.65  0.00  0.05  0.00  0.00  0.00  0.00  0.00  0.00  0.29  0.00
03136000  0.00  0.00  0.00  0.11  0.00  0.47  0.00  0.24  0.17  0.00  0.00  0.00  0.00  0.00  0.00  0.00
03155500  0.00  0.00  0.00  0.10  0.00  0.60  0.00  0.00  0.00  0.00  0.00  0.00  0.00  0.00  0.30  0.00
03159500  0.00  0.00  0.02  0.00  0.00  0.00  0.00  0.59  0.22  0.00  0.11  0.03  0.00  0.00  0.00  0.03
03161000  0.00  0.00  0.12  0.00  0.00  0.66  0.00  0.19  0.00  0.00  0.00  0.02  0.00  0.00  0.00  0.00
03164000  0.00  0.00  0.14  0.02  0.00  0.36  0.00  0.11  0.33  0.00  0.00  0.01  0.00  0.00  0.02  0.00
03165500  0.00  0.00  0.15  0.03  0.00  0.30  0.00  0.10  0.37  0.00  0.00  0.01  0.00  0.00  0.04  0.00
03167000  0.00  0.00  0.03  0.00  0.00  0.23  0.00  0.00  0.00  0.00  0.00  0.60  0.00  0.00  0.13  0.00
03168000  0.00  0.00  0.13  0.05  0.00  0.22  0.00  0.09  0.30  0.00  0.00  0.14  0.00  0.00  0.08  0.00
03173000  0.00  0.00  0.11  0.00  0.00  0.23  0.00  0.20  0.00  0.00  0.00  0.30  0.00  0.00  0.15  0.00
03175500  0.00  0.00  0.27  0.00  0.00  0.14  0.00  0.22  0.00  0.00  0.00  0.18  0.00  0.00  0.19  0.00
03179000  0.00  0.00  0.00  0.02  0.00  0.33  0.00  0.36  0.00  0.00  0.00  0.10  0.00  0.00  0.02  0.18
03180500  0.00  0.00  0.04  0.36  0.00  0.22  0.00  0.09  0.00  0.00  0.00  0.00  0.00  0.00  0.27  0.02
03182500  0.00  0.00  0.04  0.29  0.00  0.26  0.00  0.19  0.00  0.00  0.00  0.00  0.00  0.00  0.20  0.02
03183500  0.00  0.00  0.07  0.17  0.00  0.23  0.00  0.22  0.00  0.00  0.00  0.08  0.00  0.00  0.20  0.03
03184000  0.00  0.00  0.07  0.16  0.00  0.20  0.00  0.26  0.00  0.00  0.00  0.08  0.00  0.00  0.17  0.07
03186500  0.00  0.00  0.00  0.24  0.00  0.17  0.00  0.39  0.00  0.00  0.00  0.00  0.00  0.00  0.20  0.00
03198500  0.00  0.00  0.45  0.04  0.00  0.40  0.00  0.01  0.00  0.00  0.00  0.00  0.00  0.00  0.02  0.07
03199000  0.00  0.00  0.57  0.00  0.00  0.41  0.00  0.01  0.00  0.00  0.00  0.00  0.00  0.00  0.00  0.00
03213000  0.00  0.00  0.00  0.00  0.00  0.97  0.00  0.01  0.00  0.00  0.00  0.00  0.00  0.00  0.01  0.01
03214000  0.00  0.00  0.04  0.00  0.00  0.87  0.00  0.01  0.00  0.00  0.00  0.00  0.00  0.00  0.01  0.07
03237500  0.00  0.00  0.00  0.05  0.00  0.00  0.00  0.62  0.05  0.00  0.00  0.19  0.00  0.00  0.00  0.09
03238500  0.00  0.00  0.00  0.00  0.00  0.00  0.00  0.99  0.01  0.00  0.00  0.00  0.00  0.00  0.00  0.00
03251500  0.00  0.00  0.06  0.10  0.00  0.09  0.00  0.16  0.00  0.00  0.27  0.09  0.00  0.01  0.13  0.10
03252500  0.00  0.00  0.00  0.00  0.00  0.00  0.00  0.19  0.00  0.00  0.27  0.34  0.00  0.00  0.18  0.02
03253500  0.00  0.00  0.04  0.07  0.00  0.06  0.00  0.16  0.00  0.00  0.27  0.12  0.00  0.01  0.16  0.11
03265000  0.00  0.00  0.00  0.03  0.00  0.31  0.00  0.22  0.41  0.00  0.00  0.01  0.00  0.00  0.00  0.01
03266000  0.00  0.00  0.00  0.02  0.00  0.33  0.00  0.19  0.40  0.00  0.00  0.03  0.00  0.00  0.02  0.01
03269500  0.00  0.00  0.00  0.00  0.00  0.30  0.00  0.00  0.49  0.00  0.00  0.10  0.00  0.00  0.00  0.10
03274000  0.00  0.00  0.00  0.02  0.00  0.29  0.00  0.17  0.42  0.00  0.01  0.05  0.00  0.00  0.01  0.03
03281500  0.00  0.00  0.00  0.00  0.00  0.00  0.00  0.97  0.02  0.00  0.00  0.00  0.00  0.00  0.00  0.00
03289500  0.00  0.00  0.00  0.01  0.00  0.00  0.00  0.60  0.00  0.00  0.13  0.19  0.00  0.00  0.04  0.03
03301500  0.00  0.00  0.00  0.09  0.00  0.00  0.00  0.11  0.00  0.00  0.24  0.14  0.00  0.00  0.30  0.11
03303000  0.00  0.00  0.00  0.92  0.00  0.02  0.00  0.00  0.00  0.00  0.00  0.00  0.00  0.00  0.06  0.00
03308500  0.00  0.00  0.00  0.16  0.00  0.00  0.00  0.25  0.07  0.00  0.10  0.40  0.00  0.00  0.02  0.00
03324300  0.00  0.00  0.00  0.02  0.00  0.00  0.00  0.84  0.12  0.00  0.00  0.01  0.00  0.00  0.00  0.00
03326500  0.00  0.00  0.00  0.02  0.00  0.01  0.00  0.76  0.21  0.00  0.00  0.00  0.00  0.00  0.00  0.00
03328500  0.02  0.01  0.04  0.00  0.00  0.06  0.05  0.42  0.39  0.00  0.00  0.00  0.01  0.00  0.00  0.00
03331500  0.23  0.04  0.05  0.00  0.00  0.08  0.21  0.03  0.26  0.00  0.00  0.00  0.08  0.00  0.00  0.01
03339500  0.00  0.00  0.00  0.01  0.00  0.09  0.01  0.50  0.38  0.00  0.00  0.00  0.00  0.00  0.00  0.00
03345500  0.00  0.00  0.00  0.03  0.00  0.06  0.00  0.87  0.00  0.00  0.04  0.00  0.00  0.00  0.00  0.00
03346000  0.00  0.00  0.00  0.07  0.00  0.05  0.00  0.87  0.02  0.00  0.00  0.00  0.00  0.00  0.00  0.00
03348000  0.00  0.00  0.00  0.00  0.00  0.26  0.00  0.24  0.49  0.00  0.00  0.00  0.01  0.00  0.00  0.00
03349000  0.00  0.00  0.00  0.00  0.00  0.22  0.00  0.40  0.37  0.00  0.00  0.00  0.00  0.00  0.00  0.00
03361500  0.00  0.00  0.00  0.03  0.00  0.25  0.02  0.20  0.46  0.00  0.00  0.02  0.00  0.00  0.00  0.02
03361650  0.00  0.00  0.00  0.00  0.00  0.30  0.00  0.26  0.43  0.00  0.00  0.00  0.00  0.00  0.00  0.00
03362500  0.00  0.00  0.00  0.03  0.00  0.24  0.02  0.24  0.47  0.00  0.00  0.00  0.00  0.00  0.00  0.00
03363000  0.00  0.00  0.00  0.04  0.00  0.26  0.01  0.23  0.45  0.00  0.00  0.01  0.00  0.00  0.00  0.01
03364000  0.00  0.00  0.00  0.05  0.00  0.25  0.01  0.23  0.44  0.00  0.00  0.01  0.00  0.00  0.01  0.01
03365500  0.00  0.00  0.00  0.06  0.00  0.22  0.01  0.23  0.46  0.00  0.00  0.00  0.00  0.00  0.00  0.00
03381500  0.00  0.00  0.00  0.14  0.00  0.00  0.00  0.86  0.00  0.00  0.00  0.00  0.00  0.00  0.00  0.00
03410500  0.00  0.00  0.00  0.00  0.00  0.48  0.08  0.00  0.18  0.00  0.00  0.03  0.00  0.00  0.20  0.04
03438000  0.00  0.00  0.01  0.56  0.00  0.00  0.00  0.42  0.00  0.00  0.01  0.00  0.00  0.00  0.00  0.00
03443000  0.00  0.00  0.10  0.00  0.00  0.47  0.00  0.00  0.17  0.00  0.00  0.17  0.00  0.00  0.10  0.00
03448000  0.00  0.00  0.10  0.02  0.00  0.37  0.00  0.01  0.16  0.00  0.00  0.24  0.00  0.00  0.10  0.00
03451500  0.00  0.00  0.09  0.02  0.00  0.37  0.00  0.01  0.21  0.00  0.00  0.21  0.00  0.00  0.09  0.00
03455000  0.00  0.00  0.08  0.01  0.00  0.44  0.00  0.00  0.18  0.00  0.00  0.13  0.00  0.00  0.12  0.04
03465500  0.00  0.00  0.26  0.00  0.00  0.50  0.00  0.02  0.09  0.00  0.00  0.02  0.00  0.00  0.11  0.00
03470000  0.00  0.00  0.00  0.05  0.00  0.08  0.00  0.00  0.00  0.00  0.00  0.06  0.00  0.00  0.48  0.33
03473000  0.00  0.00  0.01  0.00  0.00  0.37  0.00  0.08  0.10  0.00  0.00  0.26  0.00  0.00  0.16  0.03
03490000  0.00  0.00  0.12  0.00  0.00  0.19  0.00  0.18  0.00  0.00  0.00  0.36  0.00  0.00  0.14  0.00
03504000  0.00  0.00  0.00  0.00  0.00  1.00  0.00  0.00  0.00  0.00  0.00  0.00  0.00  0.00  0.00  0.00
03512000  0.00  0.00  0.02  0.00  0.00  0.87  0.00  0.00  0.02  0.00  0.00  0.02  0.00  0.00  0.05  0.02
03521500  0.00  0.00  0.00  0.00  0.00  0.31  0.00  0.22  0.00  0.00  0.00  0.44  0.00  0.00  0.00  0.03
03524000  0.00  0.00  0.01  0.00  0.00  0.31  0.00  0.18  0.00  0.00  0.00  0.48  0.00  0.00  0.01  0.01
03528000  0.00  0.00  0.00  0.00  0.00  0.36  0.00  0.13  0.00  0.00  0.00  0.46  0.00  0.00  0.02  0.02
03531500  0.00  0.00  0.00  0.00  0.00  0.80  0.00  0.00  0.00  0.00  0.00  0.19  0.00  0.00  0.01  0.00
03532000  0.00  0.00  0.00  0.00  0.00  0.50  0.00  0.04  0.00  0.00  0.00  0.42  0.00  0.00  0.03  0.01
03540500  0.00  0.00  0.00  0.00  0.00  0.19  0.19  0.00  0.27  0.00  0.00  0.05  0.00  0.00  0.25  0.05
03550000  0.00  0.00  0.00  0.00  0.00  0.83  0.00  0.00  0.00  0.00  0.00  0.17  0.00  0.00  0.00  0.00
03567500  0.00  0.00  0.04  0.00  0.00  0.00  0.00  0.09  0.37  0.00  0.00  0.38  0.00  0.00  0.06  0.06
03574500  0.00  0.00  0.12  0.07  0.00  0.00  0.01  0.00  0.02  0.00  0.00  0.50  0.00  0.00  0.03  0.23
03603000  0.00  0.00  0.00  0.25  0.00  0.00  0.00  0.45  0.02  0.00  0.03  0.18  0.00  0.00  0.00  0.06
04073500  0.42  0.00  0.12  0.00  0.00  0.00  0.00  0.17  0.01  0.00  0.08  0.00  0.17  0.02  0.00  0.01
04079000  0.14  0.00  0.55  0.07  0.00  0.08  0.00  0.00  0.04  0.00  0.00  0.00  0.06  0.01  0.00  0.05
04100500  0.02  0.00  0.19  0.00  0.00  0.07  0.19  0.11  0.30  0.00  0.00  0.01  0.09  0.01  0.00  0.01
04113000  0.13  0.11  0.26  0.00  0.00  0.30  0.00  0.00  0.12  0.00  0.00  0.00  0.08  0.00  0.00  0.00
04115000  0.09  0.01  0.05  0.04  0.00  0.27  0.00  0.08  0.40  0.00  0.00  0.00  0.07  0.00  0.00  0.00
04144000  0.15  0.05  0.02  0.00  0.00  0.23  0.00  0.00  0.46  0.00  0.00  0.00  0.09  0.00  0.00  0.00
04164000  0.20  0.39  0.02  0.02  0.00  0.08  0.00  0.17  0.13  0.00  0.00  0.01  0.00  0.00  0.00  0.00
04165500  0.14  0.23  0.01  0.03  0.00  0.16  0.00  0.13  0.26  0.00  0.00  0.04  0.00  0.00  0.00  0.00
04176500  0.15  0.05  0.07  0.09  0.00  0.00  0.01  0.30  0.13  0.00  0.00  0.15  0.00  0.00  0.00  0.04
04178000  0.06  0.02  0.02  0.00  0.00  0.06  0.09  0.53  0.22  0.00  0.00  0.00  0.00  0.00  0.00  0.00
04183500  0.02  0.01  0.01  0.01  0.00  0.02  0.05  0.65  0.17  0.00  0.00  0.04  0.01  0.01  0.00  0.00
04185000  0.06  0.02  0.03  0.01  0.00  0.09  0.03  0.44  0.25  0.00  0.00  0.07  0.00  0.00  0.00  0.01
04191500  0.00  0.00  0.00  0.00  0.00  0.00  0.01  0.54  0.07  0.00  0.03  0.35  0.00  0.00  0.00  0.00
04198000  0.01  0.00  0.00  0.05  0.00  0.05  0.00  0.69  0.04  0.00  0.04  0.11  0.00  0.00  0.00  0.01
04201500  0.00  0.00  0.01  0.00  0.00  0.02  0.00  0.88  0.10  0.00  0.00  0.00  0.00  0.00  0.00  0.00
04212000  0.00  0.00  0.00  0.59  0.00  0.01  0.00  0.12  0.09  0.00  0.17  0.03  0.00  0.00  0.00  0.00
04221000  0.00  0.00  0.10  0.44  0.00  0.43  0.00  0.00  0.00  0.00  0.00  0.00  0.00  0.00  0.03  0.00
04221500  0.00  0.00  0.10  0.45  0.00  0.42  0.00  0.00  0.00  0.00  0.00  0.00  0.00  0.00  0.03  0.00
04223000  0.00  0.00  0.04  0.77  0.00  0.17  0.00  0.00  0.00  0.00  0.00  0.00  0.00  0.00  0.01  0.00
05053000  0.22  0.01  0.08  0.16  0.00  0.23  0.00  0.01  0.20  0.00  0.07  0.01  0.00  0.00  0.00  0.01
05244000  0.45  0.18  0.14  0.00  0.00  0.01  0.16  0.00  0.02  0.00  0.00  0.00  0.00  0.01  0.00  0.03
05280000  0.11  0.02  0.02  0.01  0.00  0.25  0.04  0.00  0.47  0.00  0.04  0.03  0.00  0.01  0.00  0.00
05320500  0.00  0.00  0.00  0.01  0.00  0.17  0.00  0.00  0.46  0.00  0.18  0.16  0.00  0.01  0.00  0.00
05383000  0.34  0.00  0.17  0.27  0.00  0.00  0.00  0.03  0.00  0.00  0.01  0.00  0.00  0.00  0.00  0.17
05408000  0.00  0.00  0.18  0.30  0.00  0.00  0.00  0.11  0.00  0.00  0.24  0.00  0.00  0.00  0.00  0.18
05410490  0.02  0.00  0.15  0.24  0.00  0.01  0.00  0.30  0.00  0.00  0.13  0.00  0.00  0.00  0.00  0.15
05410500  0.02  0.00  0.15  0.25  0.00  0.01  0.00  0.30  0.00  0.00  0.13  0.00  0.00  0.00  0.00  0.15
05412500  0.00  0.00  0.00  0.06  0.00  0.45  0.00  0.47  0.02  0.00  0.00  0.00  0.00  0.00  0.01  0.00
05418500  0.02  0.00  0.00  0.04  0.00  0.38  0.00  0.53  0.00  0.00  0.00  0.00  0.00  0.00  0.03  0.00
05422000  0.04  0.00  0.01  0.00  0.00  0.64  0.00  0.29  0.02  0.00  0.00  0.00  0.00  0.00  0.00  0.00
05430500  0.00  0.00  0.12  0.02  0.00  0.03  0.01  0.55  0.10  0.00  0.00  0.00  0.07  0.02  0.00  0.08
05435500  0.01  0.00  0.00  0.02  0.00  0.00  0.04  0.59  0.00  0.00  0.07  0.17  0.00  0.00  0.00  0.11
05440000  0.00  0.00  0.01  0.01  0.00  0.17  0.11  0.64  0.01  0.00  0.02  0.00  0.00  0.00  0.00  0.04
05447500  0.08  0.00  0.00  0.17  0.00  0.04  0.10  0.55  0.04  0.00  0.02  0.00  0.00  0.00  0.00  0.00
05451500  0.00  0.00  0.00  0.00  0.00  0.31  0.00  0.20  0.50  0.00  0.00  0.00  0.00  0.00  0.00  0.00
05452000  0.00  0.00  0.00  0.00  0.00  0.00  0.00  1.00  0.00  0.00  0.00  0.00  0.00  0.00  0.00  0.00
05454500  0.02  0.00  0.00  0.00  0.00  0.15  0.00  0.58  0.24  0.00  0.00  0.00  0.00  0.00  0.00  0.00
05455500  0.00  0.00  0.00  0.00  0.00  0.00  0.00  1.00  0.00  0.00  0.00  0.00  0.00  0.00  0.00  0.00
05457700  0.04  0.00  0.01  0.02  0.00  0.57  0.02  0.13  0.16  0.00  0.00  0.00  0.03  0.00  0.02  0.00
05458500  0.03  0.00  0.01  0.01  0.00  0.67  0.01  0.11  0.13  0.00  0.00  0.00  0.02  0.00  0.01  0.00
05462000  0.03  0.00  0.01  0.00  0.00  0.52  0.00  0.05  0.36  0.00  0.00  0.00  0.01  0.01  0.02  0.00
05471500  0.00  0.00  0.00  0.00  0.00  0.24  0.00  0.31  0.45  0.00  0.00  0.00  0.00  0.00  0.00  0.00
05472500  0.00  0.00  0.00  0.00  0.00  0.00  0.00  1.00  0.00  0.00  0.00  0.00  0.00  0.00  0.00  0.00
05476500  0.07  0.00  0.00  0.01  0.00  0.54  0.00  0.02  0.21  0.00  0.15  0.00  0.00  0.01  0.00  0.00
05479000  0.00  0.00  0.00  0.00  0.00  0.33  0.00  0.00  0.67  0.00  0.00  0.00  0.00  0.00  0.00  0.00
05481000  0.00  0.00  0.00  0.00  0.00  0.36  0.00  0.00  0.64  0.00  0.00  0.00  0.00  0.00  0.00  0.00
05482500  0.00  0.00  0.00  0.01  0.00  0.30  0.00  0.02  0.66  0.00  0.00  0.00  0.00  0.00  0.00  0.00
05484500  0.00  0.00  0.00  0.01  0.00  0.28  0.00  0.18  0.53  0.00  0.00  0.00  0.00  0.00  0.00  0.00
05502040  0.00  0.00  0.00  0.28  0.00  0.00  0.00  0.72  0.00  0.00  0.00  0.00  0.00  0.00  0.00  0.00
05507500  0.00  0.00  0.00  0.05  0.00  0.00  0.00  0.21  0.38  0.00  0.36  0.00  0.00  0.01  0.00  0.00
05508000  0.00  0.00  0.00  0.04  0.00  0.00  0.00  0.23  0.33  0.00  0.37  0.01  0.00  0.01  0.00  0.00
05514500  0.00  0.00  0.00  0.03  0.00  0.00  0.00  0.27  0.01  0.00  0.53  0.11  0.00  0.00  0.05  0.00
05515500  0.38  0.00  0.04  0.04  0.00  0.17  0.12  0.00  0.05  0.00  0.00  0.00  0.17  0.00  0.00  0.04
05517000  0.08  0.00  0.05  0.00  0.00  0.04  0.30  0.00  0.47  0.00  0.00  0.00  0.06  0.00  0.00  0.00
05517500  0.35  0.01  0.06  0.03  0.00  0.13  0.14  0.00  0.16  0.00  0.00  0.00  0.10  0.00  0.00  0.03
05518000  0.37  0.02  0.08  0.02  0.00  0.11  0.12  0.02  0.13  0.00  0.01  0.00  0.08  0.00  0.00  0.02
05520500  0.38  0.02  0.06  0.02  0.00  0.09  0.10  0.07  0.11  0.00  0.07  0.00  0.06  0.00  0.00  0.02
05526000  0.23  0.00  0.00  0.00  0.00  0.08  0.02  0.31  0.05  0.00  0.27  0.00  0.01  0.00  0.00  0.02
05542000  0.04  0.00  0.00  0.00  0.00  0.00  0.00  0.39  0.21  0.00  0.36  0.00  0.00  0.00  0.00  0.00
05546500  0.00  0.00  0.06  0.02  0.00  0.09  0.02  0.38  0.19  0.00  0.08  0.00  0.05  0.01  0.00  0.10
05552500  0.00  0.00  0.03  0.01  0.00  0.08  0.02  0.57  0.10  0.00  0.09  0.00  0.02  0.01  0.00  0.07
05554500  0.01  0.00  0.00  0.00  0.00  0.02  0.03  0.44  0.13  0.00  0.37  0.00  0.00  0.00  0.00  0.02
05555300  0.00  0.00  0.00  0.00  0.00  0.01  0.02  0.65  0.07  0.00  0.24  0.00  0.00  0.00  0.00  0.01
05555500  0.00  0.00  0.00  0.00  0.00  0.01  0.01  0.66  0.07  0.00  0.24  0.00  0.00  0.00  0.00  0.01
05569500  0.00  0.00  0.00  0.01  0.00  0.00  0.00  0.99  0.00  0.00  0.00  0.00  0.00  0.00  0.00  0.00
05570000  0.00  0.00  0.00  0.00  0.00  0.00  0.00  1.00  0.00  0.00  0.00  0.00  0.00  0.00  0.00  0.00
05582000  0.00  0.00  0.00  0.04  0.00  0.07  0.00  0.89  0.00  0.00  0.00  0.00  0.00  0.00  0.00  0.00
05584500  0.00  0.00  0.00  0.01  0.00  0.00  0.00  0.99  0.00  0.00  0.00  0.00  0.00  0.00  0.00  0.00
05585000  0.00  0.00  0.00  0.00  0.00  0.00  0.00  1.00  0.00  0.00  0.00  0.00  0.00  0.00  0.00  0.00
05592500  0.00  0.00  0.00  0.02  0.00  0.00  0.00  0.97  0.00  0.00  0.00  0.00  0.00  0.01  0.00  0.00
05593000  0.00  0.00  0.00  0.04  0.00  0.00  0.00  0.94  0.00  0.00  0.00  0.00  0.00  0.02  0.00  0.00
05594000  0.00  0.00  0.00  0.05  0.00  0.00  0.00  0.95  0.00  0.00  0.00  0.00  0.00  0.00  0.00  0.00
06191500  0.00  0.00  0.56  0.00  0.00  0.07  0.02  0.00  0.14  0.00  0.00  0.00  0.00  0.05  0.05  0.11
06192500  0.00  0.01  0.44  0.00  0.00  0.13  0.02  0.00  0.16  0.00  0.00  0.00  0.00  0.04  0.07  0.13
06225500  0.03  0.00  0.07  0.00  0.00  0.13  0.02  0.00  0.00  0.00  0.00  0.00  0.00  0.00  0.16  0.59
06334500  0.00  0.00  0.12  0.00  0.00  0.02  0.00  0.00  0.02  0.00  0.00  0.33  0.00  0.00  0.24  0.27
06340500  0.00  0.00  0.10  0.01  0.00  0.09  0.00  0.00  0.24  0.00  0.31  0.00  0.00  0.00  0.13  0.12
06359500  0.00  0.00  0.31  0.01  0.00  0.11  0.00  0.01  0.03  0.00  0.01  0.12  0.00  0.00  0.03  0.37
06426500  0.00  0.00  0.08  0.00  0.00  0.18  0.00  0.00  0.25  0.00  0.00  0.00  0.00  0.00  0.30  0.19
06441500  0.00  0.00  0.00  0.00  0.00  0.00  0.00  0.03  0.04  0.00  0.23  0.21  0.00  0.00  0.00  0.50
06446000  0.00  0.00  0.09  0.13  0.00  0.01  0.00  0.00  0.04  0.00  0.00  0.10  0.00  0.00  0.01  0.62
06454500  0.08  0.00  0.65  0.00  0.00  0.00  0.00  0.00  0.00  0.00  0.00  0.00  0.00  0.00  0.02  0.25
06480000  0.00  0.06  0.00  0.33  0.00  0.16  0.00  0.20  0.22  0.00  0.00  0.00  0.00  0.03  0.00  0.00
06600500  0.00  0.00  0.00  0.32  0.00  0.00  0.00  0.68  0.00  0.00  0.00  0.00  0.00  0.00  0.00  0.00
06606600  0.01  0.00  0.00  0.10  0.00  0.26  0.00  0.39  0.20  0.00  0.03  0.00  0.00  0.01  0.00  0.00
06607200  0.00  0.00  0.00  0.53  0.00  0.01  0.00  0.47  0.00  0.00  0.00  0.00  0.00  0.00  0.00  0.00
06609500  0.00  0.00  0.00  0.60  0.00  0.00  0.00  0.39  0.00  0.00  0.00  0.00  0.00  0.00  0.00  0.00
06799500  0.00  0.00  0.00  0.75  0.00  0.00  0.00  0.25  0.00  0.00  0.00  0.00  0.00  0.00  0.00  0.00
06808500  0.00  0.00  0.00  0.47  0.00  0.00  0.00  0.53  0.00  0.00  0.00  0.00  0.00  0.00  0.00  0.00
06810000  0.00  0.00  0.00  0.31  0.00  0.00  0.00  0.69  0.00  0.00  0.00  0.00  0.00  0.00  0.00  0.00
06811500  0.00  0.00  0.00  0.16  0.00  0.00  0.00  0.23  0.00  0.00  0.23  0.37  0.00  0.00  0.00  0.00
06813000  0.00  0.00  0.00  0.08  0.00  0.00  0.00  0.92  0.00  0.00  0.00  0.00  0.00  0.00  0.00  0.00
06815000  0.00  0.00  0.00  0.15  0.00  0.00  0.00  0.07  0.02  0.00  0.14  0.56  0.00  0.00  0.06  0.00
06817000  0.00  0.00  0.00  0.01  0.00  0.00  0.00  0.99  0.00  0.00  0.00  0.00  0.00  0.00  0.00  0.00
06817500  0.00  0.00  0.00  0.00  0.00  0.00  0.00  1.00  0.00  0.00  0.00  0.00  0.00  0.00  0.00  0.00
06820500  0.00  0.00  0.00  0.01  0.00  0.00  0.00  0.85  0.13  0.00  0.00  0.00  0.00  0.00  0.00  0.00
06847000  0.00  0.00  0.00  0.83  0.00  0.00  0.00  0.17  0.00  0.00  0.00  0.00  0.00  0.00  0.00  0.00
06860000  0.00  0.00  0.00  0.76  0.00  0.10  0.00  0.10  0.00  0.00  0.00  0.00  0.00  0.00  0.00  0.03
06868000  0.00  0.00  0.00  0.56  0.00  0.06  0.00  0.20  0.03  0.00  0.10  0.00  0.00  0.00  0.04  0.00
06869500  0.00  0.00  0.00  0.40  0.00  0.05  0.00  0.29  0.02  0.00  0.18  0.00  0.00  0.00  0.06  0.00
06883000  0.04  0.00  0.00  0.41  0.00  0.06  0.00  0.40  0.00  0.00  0.05  0.00  0.00  0.00  0.00  0.03
06884400  0.03  0.00  0.00  0.16  0.00  0.02  0.02  0.44  0.02  0.00  0.25  0.00  0.00  0.00  0.02  0.04
06884500  0.03  0.00  0.00  0.16  0.00  0.02  0.02  0.44  0.02  0.00  0.25  0.00  0.00  0.00  0.02  0.04
06885500  0.00  0.00  0.00  0.02  0.00  0.00  0.00  0.03  0.00  0.00  0.11  0.83  0.00  0.00  0.01  0.00
06888500  0.00  0.00  0.00  0.00  0.00  0.00  0.00  0.06  0.00  0.00  0.76  0.02  0.00  0.00  0.16  0.00
06890500  0.00  0.00  0.00  0.00  0.00  0.00  0.00  0.00  0.09  0.00  0.30  0.61  0.00  0.00  0.00  0.00
06892000  0.00  0.00  0.00  0.00  0.00  0.00  0.00  0.13  0.36  0.00  0.43  0.04  0.00  0.00  0.00  0.04
06894000  0.00  0.00  0.00  0.07  0.00  0.00  0.00  0.69  0.00  0.00  0.23  0.00  0.00  0.01  0.00  0.00
06897500  0.00  0.00  0.00  0.00  0.00  0.00  0.00  0.25  0.75  0.00  0.01  0.00  0.00  0.00  0.00  0.00
06898000  0.00  0.00  0.00  0.05  0.00  0.00  0.00  0.52  0.39  0.00  0.04  0.00  0.00  0.00  0.00  0.00
06899500  0.00  0.00  0.00  0.04  0.00  0.00  0.00  0.32  0.58  0.00  0.06  0.00  0.00  0.00  0.00  0.00
06908000  0.00  0.00  0.00  0.10  0.00  0.04  0.00  0.54  0.00  0.00  0.20  0.05  0.00  0.00  0.04  0.04
06913500  0.00  0.00  0.00  0.00  0.00  0.02  0.00  0.00  0.02  0.00  0.70  0.12  0.00  0.01  0.00  0.13
06914000  0.00  0.00  0.00  0.00  0.00  0.03  0.00  0.00  0.03  0.00  0.68  0.14  0.00  0.00  0.00  0.12
06928000  0.00  0.00  0.00  0.02  0.00  0.00  0.00  0.83  0.00  0.00  0.09  0.04  0.00  0.00  0.02  0.00
06933500  0.00  0.00  0.00  0.14  0.00  0.00  0.00  0.68  0.00  0.00  0.05  0.09  0.00  0.00  0.04  0.00
07019000  0.00  0.00  0.00  0.31  0.00  0.00  0.00  0.57  0.00  0.00  0.10  0.01  0.00  0.00  0.01  0.00
07029500  0.00  0.00  0.08  0.10  0.04  0.06  0.05  0.05  0.57  0.00  0.00  0.05  0.00  0.00  0.00  0.00
07049000  0.00  0.00  0.00  0.09  0.00  0.00  0.05  0.22  0.21  0.00  0.42  0.00  0.00  0.00  0.00  0.02
07052500  0.00  0.00  0.00  0.06  0.00  0.00  0.00  0.78  0.00  0.00  0.11  0.03  0.00  0.00  0.02  0.00
07056000  0.00  0.00  0.00  0.07  0.00  0.03  0.04  0.16  0.24  0.00  0.42  0.03  0.00  0.00  0.00  0.02
07057500  0.00  0.00  0.00  0.32  0.00  0.00  0.00  0.30  0.00  0.00  0.01  0.32  0.00  0.00  0.06  0.00
07058000  0.00  0.00  0.00  0.33  0.00  0.00  0.00  0.29  0.00  0.00  0.01  0.31  0.00  0.00  0.06  0.00
07067000  0.00  0.00  0.00  0.15  0.00  0.00  0.00  0.67  0.00  0.00  0.00  0.18  0.00  0.00  0.00  0.00
07068000  0.00  0.00  0.00  0.15  0.00  0.00  0.00  0.63  0.00  0.00  0.00  0.21  0.00  0.00  0.00  0.00
07069500  0.00  0.00  0.05  0.00  0.00  0.00  0.00  0.00  0.00  0.00  0.00  0.95  0.00  0.00  0.00  0.00
07072000  0.00  0.00  0.00  0.16  0.00  0.00  0.00  0.21  0.00  0.00  0.00  0.63  0.00  0.00  0.00  0.00
07074000  0.00  0.00  0.38  0.00  0.00  0.02  0.00  0.00  0.02  0.00  0.00  0.57  0.00  0.00  0.01  0.00
07144200  0.10  0.00  0.05  0.04  0.00  0.00  0.00  0.13  0.04  0.00  0.64  0.00  0.00  0.00  0.01  0.00
07144780  0.44  0.00  0.14  0.00  0.00  0.03  0.15  0.00  0.24  0.00  0.00  0.00  0.00  0.00  0.00  0.00
07147070  0.00  0.00  0.00  0.00  0.00  0.00  0.00  0.12  0.00  0.00  0.86  0.02  0.00  0.00  0.00  0.00
07147800  0.00  0.00  0.00  0.05  0.00  0.00  0.00  0.08  0.01  0.00  0.64  0.21  0.00  0.00  0.01  0.00
07152000  0.04  0.00  0.06  0.06  0.00  0.04  0.19  0.11  0.14  0.00  0.29  0.02  0.00  0.00  0.02  0.03
07163000  0.00  0.00  0.00  0.00  0.00  0.00  0.00  0.00  0.98  0.00  0.00  0.02  0.00  0.00  0.00  0.00
07172000  0.00  0.00  0.00  0.00  0.00  0.00  0.00  0.06  0.00  0.00  0.62  0.07  0.00  0.00  0.25  0.00
07177500  0.00  0.00  0.13  0.01  0.00  0.00  0.00  0.05  0.02  0.00  0.16  0.36  0.00  0.03  0.14  0.12
07183000  0.00  0.00  0.00  0.00  0.00  0.00  0.00  0.05  0.03  0.00  0.84  0.03  0.00  0.01  0.02  0.02
07186000  0.00  0.00  0.00  0.07  0.00  0.08  0.00  0.42  0.20  0.00  0.18  0.00  0.00  0.00  0.00  0.04
07196500  0.00  0.00  0.00  0.19  0.00  0.00  0.02  0.69  0.03  0.00  0.05  0.01  0.00  0.00  0.00  0.01
07197000  0.00  0.00  0.00  0.22  0.00  0.00  0.05  0.50  0.08  0.00  0.12  0.02  0.00  0.00  0.00  0.02
07211500  0.00  0.00  0.00  0.00  0.00  0.01  0.01  0.16  0.13  0.01  0.17  0.37  0.00  0.00  0.13  0.02
07221000  0.00  0.00  0.00  0.00  0.00  0.05  0.02  0.12  0.32  0.07  0.04  0.16  0.00  0.00  0.18  0.04
07222500  0.00  0.00  0.00  0.00  0.00  0.00  0.14  0.00  0.33  0.00  0.00  0.00  0.00  0.00  0.42  0.10
07243500  0.02  0.00  0.52  0.02  0.00  0.00  0.00  0.00  0.12  0.00  0.05  0.17  0.00  0.00  0.06  0.04
07252000  0.00  0.00  0.00  0.00  0.00  0.00  0.03  0.00  0.32  0.00  0.64  0.00  0.00  0.00  0.00  0.01
07261000  0.00  0.00  0.00  0.02  0.00  0.00  0.59  0.00  0.03  0.00  0.08  0.00  0.00  0.00  0.28  0.00
07288500  0.00  0.00  0.00  0.00  0.00  0.00  0.00  0.40  0.00  0.00  0.24  0.34  0.00  0.01  0.00  0.01
07289500  0.00  0.00  0.00  0.16  0.00  0.05  0.01  0.14  0.57  0.00  0.00  0.05  0.00  0.00  0.00  0.03
07290000  0.00  0.00  0.00  0.53  0.00  0.03  0.00  0.09  0.31  0.00  0.00  0.03  0.00  0.00  0.00  0.01
07307800  0.01  0.00  0.05  0.00  0.00  0.03  0.27  0.06  0.03  0.00  0.00  0.53  0.00  0.00  0.00  0.01
07340000  0.00  0.00  0.05  0.08  0.00  0.11  0.01  0.00  0.07  0.00  0.02  0.42  0.00  0.01  0.21  0.02
07346000  0.07  0.00  0.06  0.06  0.00  0.02  0.48  0.00  0.09  0.00  0.00  0.16  0.00  0.06  0.00  0.01
07346050  0.05  0.00  0.11  0.14  0.00  0.00  0.64  0.00  0.01  0.00  0.00  0.04  0.00  0.00  0.00  0.00
07346070  0.06  0.00  0.11  0.13  0.00  0.00  0.66  0.00  0.01  0.00  0.00  0.02  0.00  0.00  0.00  0.00
07348000  0.11  0.00  0.17  0.09  0.00  0.04  0.37  0.00  0.05  0.00  0.02  0.12  0.00  0.03  0.00  0.00
07363500  0.00  0.00  0.00  0.39  0.00  0.03  0.05  0.00  0.02  0.00  0.00  0.43  0.00  0.00  0.08  0.00
07375500  0.00  0.00  0.00  0.37  0.07  0.07  0.22  0.03  0.24  0.00  0.00  0.00  0.00  0.00  0.00  0.00
07378000  0.00  0.00  0.00  0.54  0.01  0.06  0.00  0.18  0.22  0.00  0.00  0.00  0.00  0.00  0.00  0.00
07378500  0.00  0.00  0.00  0.50  0.07  0.05  0.03  0.22  0.13  0.00  0.00  0.00  0.00  0.00  0.00  0.00
08013500  0.00  0.00  0.14  0.55  0.00  0.01  0.02  0.03  0.00  0.00  0.02  0.18  0.00  0.00  0.00  0.05
08015500  0.02  0.00  0.10  0.63  0.00  0.01  0.04  0.05  0.00  0.00  0.01  0.12  0.00  0.00  0.00  0.02
