GageID, Dryness Index, Evaporative Index, Deviation from Budyko, Snow fraction, Average Daily Temperature (D)
01048000, 0.6072, 0.4237, 0.0828, 0.3191, 5.3749
01055500, 0.634, 0.4431, 0.0797, 0.2693, 6.9635
01060000, nan, 0.4111, nan, 0.2357, 7.87
01064500, 0.5075, 0.3783, 0.0625, 0.3265, 5.1527
01076500, 0.5576, 0.392, 0.0828, 0.2901, 5.8424
01127000, 0.6027, 0.4512, 0.0526, 0.1799, 8.9382
01138000, 0.6214, 0.5059, 0.0093, 0.2701, 5.7074
01197500, 0.5507, 0.4548, 0.0155, 0.2226, 7.1769
01200000, 0.6201, 0.5154, -0.001, 0.1701, 8.8527
01321000, 0.5563, 0.374, 0.1, 0.3163, 5.6189
01329000, 0.4967, 0.3985, 0.0346, 0.2401, 6.8812
01329500, 0.5725, 0.4892, -0.0046, 0.214, 7.4709
01334500, 0.5549, 0.4463, 0.0267, 0.2198, 7.2802
01348000, 0.5616, 0.2894, 0.1881, 0.2883, 6.0628
01361000, 0.608, 0.6149, -0.1078, 0.2001, 7.8455
01371500, 0.6662, 0.5425, -0.0009, 0.1576, 9.6384
01372500, 0.6726, 0.5255, 0.0197, 0.158, 9.2343
01421000, 0.6224, 0.5454, -0.0296, 0.2211, 6.9714
01423000, 0.6481, 0.4477, 0.0835, 0.2039, 7.2908
01426500, 0.6465, 0.5379, -0.0077, 0.2044, 7.4989
01445000, 0.6843, 0.5335, 0.0183, 0.1632, 9.4719
01445500, 0.6301, 0.5823, -0.0618, 0.1669, 9.2539
01500500, 0.6876, 0.4652, 0.0885, 0.2047, 7.5116
01503000, 0.6896, 0.4686, 0.0862, 0.2061, 7.6319
01512500, 0.7008, 0.4483, 0.1126, 0.2139, 7.5658
01514000, 0.7533, 0.3918, 0.1966, 0.2062, 7.6837
01518000, 0.8352, 0.4478, 0.1797, 0.1914, 7.4945
01520000, 0.835, 0.5963, 0.0312, 0.1908, 7.5104
01520500, 0.8361, 0.5944, 0.0336, 0.1845, 7.7106
01531000, 0.8365, 0.5791, 0.0491, 0.1843, 7.8568
01534000, 0.7049, 0.5209, 0.0422, 0.1866, 8.2717
01541000, 0.6679, 0.4371, 0.1055, 0.1653, 8.7708
01541500, 0.7209, 0.4769, 0.0948, 0.1761, 8.378
01543500, 0.6896, 0.4503, 0.1044, 0.1764, 8.2722
01548500, 0.7623, 0.4792, 0.1137, 0.2014, 7.351
01556000, 0.7885, 0.515, 0.0909, 0.1414, 9.8828
01558000, 0.771, 0.415, 0.1823, 0.1585, 9.188
01559000, 0.8074, 0.5271, 0.0877, 0.1492, 9.6434
01560000, 0.8033, 0.5108, 0.1021, 0.1395, 10.0911
01562000, 0.8228, 0.556, 0.0659, 0.1358, 10.2648
01567000, 0.8472, 0.5564, 0.0765, 0.1351, 10.1752
01574000, 0.8667, 0.5959, 0.0455, 0.116, 11.4834
01595000, 0.5954, 0.3402, 0.1589, 0.1604, 8.8148
01606500, 0.7411, 0.5928, -0.0106, 0.1112, 10.3581
01608500, 0.8147, 0.6027, 0.0155, 0.1061, 10.6609
01610000, 0.7923, 0.5883, 0.0194, 0.1187, 10.4855
01611500, 0.868, 0.664, -0.022, 0.1161, 10.8419
01628500, 0.8569, 0.657, -0.0198, 0.1014, 11.2881
01631000, 0.8584, 0.6564, -0.0185, 0.1, 11.3445
01634000, 0.8909, 0.7028, -0.0511, 0.0926, 11.5822
01643000, 0.8476, 0.6207, 0.0124, 0.1112, 11.5072
01649500, 0.8975, 0.6128, 0.0416, 0.0689, 12.8905
01663500, 0.8176, 0.6242, -0.0047, 0.0974, 11.7436
01664000, 0.8483, 0.6416, -0.0082, 0.0914, 12.0939
01667500, 0.817, 0.6393, -0.02, 0.089, 12.3144
01668000, 0.8543, 0.6667, -0.0306, 0.0823, 12.5098
01672500, 0.8625, 0.6939, -0.0542, 0.0704, 13.3974
01674500, 0.8888, 0.7011, -0.0503, 0.0663, 13.5962
02016000, 0.7121, 0.6109, -0.0439, 0.1005, 11.0064
02018000, 0.7488, 0.5985, -0.0123, 0.0912, 11.4195
02030500, 0.8363, 0.6727, -0.0446, 0.0695, 13.5296
02055000, 0.7856, 0.698, -0.0936, 0.0847, 11.8869
02058400, 0.7664, 0.6755, -0.0805, 0.067, 13.2749
02083500, 0.8616, 0.711, -0.0718, 0.0345, 15.1361
02102000, 0.8054, 0.7061, -0.0922, 0.0359, 15.1596
02116500, 0.7087, 0.6267, -0.0615, 0.0433, 13.6416
02118000, 0.7344, 0.6768, -0.098, 0.0431, 14.0567
02121000, 0.7258, nan, nan, 0.0414, 13.9195
02126000, 0.821, 0.7031, -0.082, 0.0284, 15.7989
02135000, 0.8596, 0.6782, -0.0398, 0.0185, 16.626
02138500, 0.5622, 0.4492, 0.0287, 0.0764, 10.7411
02143000, 0.6729, 0.5774, -0.032, 0.0361, 14.1822
02143040, 0.6326, 0.5323, -0.0103, 0.0399, 13.879
02143500, 0.7524, 0.6404, -0.0524, 0.0343, 14.9937
02156500, 0.7222, 0.6132, -0.0408, 0.0249, 15.1546
02165000, 0.7687, 0.5697, 0.0265, 0.0175, 15.781
02174000, 0.8901, nan, nan, 0.0082, 17.5718
02192000, 0.8034, 0.6602, -0.0472, 0.0123, 16.0413
02202000, 0.918, nan, nan, 0.0061, 17.6774
02202500, 0.919, 0.7416, -0.0784, 0.0048, 17.9266
02217500, 0.752, 0.6511, -0.0633, 0.0127, 16.0464
02218500, 0.7962, 0.6527, -0.0432, 0.0113, 16.2995
02219500, 0.8276, 0.644, -0.0198, 0.0097, 16.554
02228000, 0.919, 0.7729, -0.1098, 0.0009, 19.0668
02236000, 0.9148, 0.6934, -0.0319, 0.0001, 22.062
02273000, 0.9734, 0.8384, -0.1542, 0.0, 22.4907
02296750, 0.9368, 0.806, -0.1358, 0.0, 22.6225
02329000, 0.8294, 0.7506, -0.1257, 0.0005, 19.4992
02339500, 0.691, 0.6232, -0.0677, 0.0114, 15.7105
02347500, 0.8171, 0.6709, -0.0516, 0.0058, 17.0263
02349500, 0.843, 0.6662, -0.0351, 0.005, 17.3903
02365500, 0.7561, 0.618, -0.0282, 0.0018, 18.6135
02375500, 0.7263, 0.6234, -0.0489, 0.0021, 18.3388
02383500, 0.5755, 0.5804, -0.0939, 0.0251, 14.5612
02387000, 0.6133, 0.5649, -0.0546, 0.0244, 14.8509
02387500, 0.5963, 0.5747, -0.075, 0.025, 14.7186
02414500, 0.7084, 0.6056, -0.0406, 0.0123, 15.7662
02437000, 0.717, 0.0377, 0.5319, 0.0175, 16.4162
02448000, 0.7627, 0.6447, -0.0515, 0.0145, 17.1493
02456500, 0.6991, 0.5849, -0.0249, 0.0146, 16.0894
02472000, 0.73, 0.6483, -0.0719, 0.0068, 17.9375
02475000, 0.7218, 0.6428, -0.0706, 0.0053, 18.187
02475500, 0.7429, 0.6738, -0.0906, 0.0094, 17.4556
02478500, 0.7271, 0.6623, -0.0873, 0.0056, 17.9019
02479300, 0.6638, 0.5872, -0.047, 0.0018, 19.1308
02482000, 0.7549, 0.6713, -0.082, 0.0122, 17.1955
02486000, 0.7568, 0.6646, -0.0744, 0.0107, 17.3877
02492000, 0.6906, 0.6275, -0.0722, 0.0031, 18.7904
03010500, 0.6915, 0.4253, 0.1305, 0.195, 7.3882
03011020, 0.6798, 0.4463, 0.103, 0.2053, 7.2113
03020500, 0.674, 0.4284, 0.1177, 0.1716, 8.3463
03024000, 0.6954, 0.4185, 0.1394, 0.1657, 8.6545
03032500, 0.6731, 0.4656, 0.0799, 0.1559, 8.7278
03050500, 0.5305, 0.4996, -0.043, 0.1301, 9.1935
03051000, 0.538, 0.4649, -0.0031, 0.127, 9.3654
03054500, 0.5398, 0.4388, 0.0241, 0.1196, 9.8004
03065000, 0.6102, 0.2919, 0.2165, 0.151, 8.6233
03069000, 0.5044, 0.3141, 0.1244, 0.1456, 8.6912
03069500, 0.5234, 0.3571, 0.0947, 0.1536, 8.7083
03070000, 0.5233, 0.3381, 0.1137, 0.1464, 8.9878
03075500, 0.6052, 0.3149, 0.1904, 0.1534, 9.0195
03079000, 0.7032, 0.4307, 0.1315, 0.1825, 8.6098
03109500, 0.8396, 0.6084, 0.0211, 0.1056, 10.099
03111500, 0.7744, 0.6343, -0.0354, 0.0973, 10.8295
03114500, 0.6622, 0.5554, -0.0161, 0.0867, 11.4064
03136000, 0.8822, 0.6219, 0.0261, 0.1114, 9.4756
03155500, 0.6866, 0.5763, -0.0232, 0.0815, 11.629
03159500, 0.8448, 0.6139, 0.018, 0.0968, 10.7595
03161000, 0.5693, 0.4794, 0.0031, 0.0832, 10.5045
03164000, 0.6379, 0.5307, -0.0056, 0.0834, 10.5711
03165500, 0.6573, 0.5483, -0.0118, 0.0816, 10.7298
03167000, 0.795, 0.6175, -0.0085, 0.0881, 10.9482
03168000, 0.6943, 0.5623, -0.0049, 0.0848, 10.8097
03173000, 0.7811, 0.6164, -0.0141, 0.0871, 11.078
03175500, 0.7145, 0.5554, 0.0129, 0.0985, 10.4467
03179000, 0.7537, 0.5811, 0.0076, 0.091, 10.9787
03180500, 0.5771, 0.5515, -0.0639, 0.1616, 8.2972
03182500, 0.592, 0.5485, -0.0515, 0.1549, 8.7922
03183500, 0.6292, 0.5657, -0.0457, 0.13, 9.7571
03184000, 0.6367, 0.5614, -0.0369, 0.1251, 9.9585
03186500, 0.4983, 0.3374, 0.0968, 0.126, 9.0192
03198500, 0.6365, 0.5813, -0.057, 0.0786, 11.7803
03199000, 0.6303, 0.5822, -0.0617, 0.0757, 12.2146
03213000, 0.6975, 0.6213, -0.0622, 0.0751, 11.8798
03214000, 0.6686, 0.6222, -0.0792, 0.0643, 12.5825
03237500, 0.7926, 0.598, 0.0098, 0.0644, 12.0577
03238500, 0.7815, 0.6118, -0.0094, 0.0744, 11.529
03251500, 0.7167, 0.598, -0.0286, 0.0596, 12.5899
03252500, 0.736, 0.614, -0.0344, 0.0545, 12.7885
03253500, 0.7257, 0.6146, -0.0404, 0.0582, 12.6021
03265000, 0.9241, 0.645, 0.0202, 0.0989, 10.3294
03266000, 0.9192, 0.6318, 0.0314, 0.0931, 10.5142
03269500, 0.896, 0.6208, 0.033, 0.0929, 10.3246
03274000, 0.8936, 0.6484, 0.0044, 0.0862, 10.772
03281500, 0.6484, 0.5786, -0.0472, 0.0483, 12.9302
03289500, 0.7498, 0.5422, 0.0445, 0.0508, 12.8993
03301500, 0.7188, 0.5979, -0.0273, 0.0419, 13.3495
03303000, 0.7789, 0.2749, 0.3262, 0.0487, 12.8839
03308500, 0.6832, 0.5474, 0.0038, 0.043, 13.563
03324300, 0.9176, 0.652, 0.0107, 0.096, 10.1984
03326500, 0.8937, 0.6572, -0.0043, 0.0982, 10.2715
03328500, 0.9235, 0.556, 0.109, 0.1108, 9.9411
03331500, 0.9322, 0.6202, 0.0482, 0.1087, 9.8115
03339500, 0.8823, 0.6416, 0.0065, 0.0831, 10.9637
03345500, 0.9518, 0.7079, -0.0318, 0.0748, 11.9144
03346000, 0.9267, 0.6985, -0.0322, 0.0676, 12.1769
03348000, 0.8757, 0.6339, 0.0114, 0.0937, 10.4455
03349000, 0.8794, 0.673, -0.0261, 0.0941, 10.4839
03361500, 0.827, 0.6276, -0.0038, 0.0896, 10.7491
03361650, 0.8286, 0.6337, -0.0091, 0.0855, 10.9822
03362500, 0.82, 0.64, -0.0194, 0.0852, 10.9049
03363000, 0.8296, 0.642, -0.017, 0.0871, 10.9607
03364000, 0.8293, 0.6321, -0.0072, 0.0841, 11.0007
03365500, 0.8209, 0.6223, -0.0012, 0.0801, 11.1646
03381500, 0.9641, 0.7002, -0.0195, 0.058, 12.7993
03410500, 0.5654, 0.5432, -0.0633, 0.0504, 12.7292
03438000, 0.7484, 0.5866, -0.0006, 0.0443, 14.0055
03443000, 0.4319, 0.3881, -0.0026, 0.0456, 12.4076
03448000, 0.4992, 0.4642, -0.0293, 0.0427, 12.5494
03451500, 0.5426, 0.5038, -0.0389, 0.0418, 12.4799
03455000, 0.5499, 0.6035, -0.1338, 0.0402, 12.6104
03465500, 0.5752, 0.5497, -0.0633, 0.0567, 11.2714
03470000, 0.5706, 0.5865, -0.1032, 0.0424, 12.9148
03473000, 0.6047, 0.5641, -0.0591, 0.0762, 10.8647
03490000, 0.6702, 0.5595, -0.0156, 0.0594, 11.8601
03504000, 0.3887, 0.2997, 0.0521, 0.0611, 11.261
03512000, 0.4276, 0.4509, -0.0688, 0.0776, 10.5099
03521500, 0.7041, 0.5403, 0.0224, 0.0836, 10.9052
03524000, 0.6783, 0.5818, -0.0333, 0.0703, 11.3224
03528000, 0.6626, 0.5801, -0.0405, 0.0553, 12.1658
03531500, 0.5954, 0.5358, -0.0366, 0.0522, 12.3049
03532000, 0.6108, 0.5469, -0.0381, 0.051, 12.565
03540500, 0.5611, 0.5239, -0.0468, 0.0471, 12.9166
03550000, 0.3883, 0.5612, -0.2098, 0.0465, 12.5137
03567500, 0.6659, 0.5784, -0.0369, 0.0247, 15.1191
03574500, 0.6218, 0.4824, 0.0331, 0.025, 14.7627
03603000, 0.6756, 0.582, -0.0351, 0.028, 14.7405
04073500, 1.117, 0.618, 0.1144, 0.1347, 7.8015
04079000, 0.9221, 0.6613, 0.0031, 0.1704, 6.3731
04100500, 0.9479, 0.6424, 0.0321, 0.1152, 9.6686
04113000, 1.0346, 0.6875, 0.0184, 0.145, 8.8568
04115000, 1.0044, 0.6975, -0.0021, 0.1486, 8.5509
04144000, 1.0471, 0.6617, 0.0484, 0.1475, 8.675
04164000, nan, 0.544, nan, 0.1341, 9.5124
04165500, 1.0542, 0.5887, 0.1239, 0.1369, 9.3641
04176500, 1.0005, 0.7036, -0.0096, 0.1295, 9.3684
04178000, 0.9803, 0.6305, 0.0562, 0.1301, 9.2876
04183500, 0.9625, 0.6808, -0.0007, 0.1093, 9.9855
04185000, 0.9656, 0.673, 0.0082, 0.1294, 9.3851
04191500, 0.977, 0.6829, 0.0026, 0.1075, 10.2479
04198000, 0.9412, 0.6781, -0.0062, 0.1069, 10.0459
04201500, 0.9103, 0.5723, 0.0874, 0.1134, 9.9057
04212000, 0.8167, 0.5769, 0.0423, 0.1351, 9.3839
04221000, 0.7493, 0.5129, 0.0735, 0.1985, 7.3278
04221500, 0.7456, 0.5489, 0.0356, 0.1983, 7.3343
04223000, 0.7353, 0.5307, 0.0485, 0.2022, 7.2345
05053000, 1.8324, 0.9652, -0.0903, 0.1454, 6.52
05244000, 1.2268, 0.7543, 0.0092, 0.1506, 5.6152
05280000, 1.3149, 0.8175, -0.0321, 0.1389, 7.3295
05320500, 1.245, 0.7623, 0.0059, 0.1347, 7.5964
05383000, 1.1262, 0.7113, 0.024, 0.1288, 7.6701
05408000, 1.1304, 0.7117, 0.0249, 0.1284, 7.7221
05410490, 1.1388, 0.6851, 0.054, 0.128, 7.8798
05410500, 1.1388, nan, nan, 0.128, 7.8814
05412500, 1.1598, 0.7162, 0.029, 0.1184, 8.2249
05418500, 1.1928, 0.7018, 0.0526, 0.1155, 8.6241
05422000, 1.1557, 0.7029, 0.0411, 0.1151, 8.7775
05430500, 1.1117, 0.7371, -0.0063, 0.1301, 8.2452
05435500, 1.1091, 0.7044, 0.0257, 0.1217, 8.3716
05440000, 1.0349, 0.7119, -0.0059, 0.1153, 9.0446
05447500, 1.0989, 0.7344, -0.0075, 0.1, 9.8502
05451500, 1.2004, 0.7415, 0.015, 0.1168, 8.5342
05452000, 1.1316, 0.7265, 0.0104, 0.1124, 9.0663
05454500, 1.1758, 0.7322, 0.0175, 0.1115, 8.9383
05455500, 1.1468, 0.7225, 0.0188, 0.0974, 9.8188
05457700, 1.1891, 0.7009, 0.0525, 0.1315, 7.6708
05458500, 1.1729, 0.7284, 0.0204, 0.1286, 7.8555
05462000, 1.1911, 0.7323, 0.0216, 0.124, 7.9671
05471500, 1.1882, 0.7421, 0.0111, 0.1047, 9.3502
05472500, 1.134, 0.7415, -0.0039, 0.1057, 9.6201
05476500, 1.4692, 0.8348, -0.0166, 0.1376, 7.4973
05479000, 1.3063, 0.7634, 0.02, 0.1211, 8.1538
05481000, 1.2517, 0.7467, 0.0232, 0.1147, 8.414
05482500, 1.288, 0.7761, 0.003, 0.1109, 8.8533
05484500, 1.2594, 0.776, -0.004, 0.1065, 9.1873
05502040, 1.032, 0.7157, -0.0107, 0.0866, 11.548
05507500, 1.0462, 0.7645, -0.0546, 0.0724, 11.971
05508000, 1.034, 0.7355, -0.0297, 0.074, 12.0077
05514500, 1.0225, 0.7421, -0.0403, 0.0794, 12.2083
05515500, 0.9065, 0.5693, 0.0889, 0.1244, 9.8445
05517000, 0.9187, 0.6319, 0.0312, 0.1077, 10.0682
05517500, 0.9161, 0.6297, 0.0324, 0.114, 9.8942
05518000, 0.9254, 0.6229, 0.0428, 0.1128, 9.8425
05520500, 0.9294, 0.6315, 0.0358, 0.1076, 9.8654
05526000, 0.9719, 0.6728, 0.0108, 0.0966, 10.3428
05542000, 1.0386, 0.6889, 0.0184, 0.0989, 10.3451
05546500, 1.0499, 0.6434, 0.0677, 0.1326, 8.7095
05552500, 1.0354, 0.688, 0.0182, 0.1184, 9.1858
05554500, 1.0385, 0.7173, -0.0101, 0.095, 10.6542
05555300, 1.0362, 0.6662, 0.0403, 0.0983, 10.5935
05555500, 1.0368, 0.7797, -0.073, 0.0976, 10.5903
05569500, 1.122, 0.723, 0.011, 0.0993, 10.2148
05570000, 1.1172, 0.7225, 0.01, 0.0973, 10.4288
05582000, 1.0339, 0.7272, -0.0215, 0.0828, 11.2856
05584500, 1.0764, 0.7404, -0.0206, 0.0894, 10.9744
05585000, 1.0726, 0.7492, -0.0307, 0.0874, 11.1283
05592500, 0.9942, 0.7082, -0.0164, 0.0769, 11.8867
05593000, 1.0132, 0.7263, -0.0278, 0.0741, 12.0715
05594000, 1.0401, 0.7476, -0.0399, 0.0709, 12.4284
06191500, 1.0528, 0.4038, 0.3082, 0.5638, 1.6156
06192500, 1.0649, 0.4584, 0.2577, 0.5219, 2.2272
06225500, 1.8159, 0.5581, 0.3147, 0.4962, 2.2542
06334500, 2.5852, 0.9458, -0.0071, 0.175, 7.3545
06340500, 2.3859, 0.9381, -0.0116, 0.1496, 6.481
06359500, 2.7662, 0.9542, -0.0064, 0.1526, 7.2443
06426500, 3.3622, 0.9852, -0.0167, 0.1773, 7.4609
06441500, 2.7688, 0.9522, -0.0043, 0.1317, 8.915
06446000, 2.8534, nan, nan, 0.1351, 8.8456
06454500, 3.0554, 0.9817, -0.0224, 0.159, 7.7105
06480000, 1.8033, 0.947, -0.0758, 0.145, 6.8603
06600500, 1.5196, 0.8464, -0.0187, 0.12, 8.5243
06606600, 1.4102, 0.8064, 0.0001, 0.1226, 8.0892
06607200, 1.3576, 0.7976, -0.0025, 0.1112, 8.6386
06609500, 1.3424, 0.8059, -0.0141, 0.104, 9.1062
06799500, 1.5771, 0.8799, -0.0422, 0.1087, 9.3369
06808500, 1.305, 0.7835, -0.0004, 0.0931, 9.8508
06810000, 1.2737, 0.7853, -0.0098, 0.0912, 10.0566
06811500, 1.3735, 0.8269, -0.0282, 0.0862, 11.0301
06813000, 1.2488, 0.8059, -0.0367, 0.0787, 10.8311
06815000, 1.3555, 0.8041, -0.0094, 0.0713, 11.7124
06817000, 1.2067, 0.7821, -0.0239, 0.0842, 10.2575
06817500, 1.2012, 0.7859, -0.0292, 0.0843, 10.2762
06820500, 1.1857, 0.762, -0.0096, 0.0786, 10.7346
06847000, 2.8249, 0.9925, -0.0421, 0.0989, 11.1559
06860000, 3.474, 0.9951, -0.024, 0.0954, 11.4717
06868000, 2.569, 0.9327, 0.005, 0.0913, 11.9332
06869500, 2.4091, 0.949, -0.021, 0.0831, 12.1486
06883000, 1.861, 0.9225, -0.0441, 0.0861, 10.6648
06884400, 1.6961, 0.8965, -0.0401, 0.0825, 11.0305
06884500, 1.6958, 0.8803, -0.0239, 0.0822, 11.0395
06885500, 1.3879, 0.8254, -0.0236, 0.0681, 11.8371
06888500, 1.3809, 0.769, 0.0313, 0.0616, 12.2257
06890500, 1.2461, 0.8225, -0.054, 0.0591, 12.2986
06892000, 1.1846, 0.7562, -0.004, 0.0563, 12.5002
06894000, 1.1298, 0.6886, 0.0477, 0.0532, 12.8295
06897500, 1.1671, 0.7704, -0.0231, 0.0759, 10.9137
06898000, 1.1829, 0.7798, -0.0281, 0.0909, 10.1906
06899500, 1.1582, 0.7604, -0.0158, 0.0841, 10.5369
06908000, 1.0673, 0.7384, -0.0216, 0.0561, 12.7336
06913500, 1.3133, 0.7766, 0.0084, 0.0555, 12.7379
06914000, 1.2564, 0.7496, 0.0216, 0.0479, 13.3047
06928000, 0.9349, 0.759, -0.0896, 0.0574, 13.082
06933500, 0.9253, 0.6954, -0.0297, 0.0593, 13.0237
07019000, 0.9509, 0.6988, -0.0231, 0.0615, 12.9121
07029500, 0.7436, 0.573, 0.0105, 0.0268, 15.5777
07049000, 0.8147, 0.6849, -0.0667, 0.0356, 14.1929
07052500, 0.9427, 0.6808, -0.0083, 0.055, 13.1734
07056000, 0.7843, 0.6276, -0.0238, 0.0458, 13.801
07057500, 0.8923, 0.5778, 0.0744, 0.0558, 13.3537
07058000, 0.892, 0.7104, -0.0582, 0.0558, 13.3603
07067000, 0.8807, 0.6136, 0.0339, 0.0548, 13.2625
07068000, 0.8697, 0.5694, 0.0733, 0.0542, 13.3319
07069500, 0.8621, 0.6286, 0.0108, 0.0476, 14.15
07072000, 0.8579, 0.6801, -0.0424, 0.0562, 13.582
07074000, 0.8469, 0.6837, -0.0509, 0.0389, 14.6236
07144200, 1.7632, 0.8741, -0.0082, 0.0573, 13.2933
07144780, 2.0936, 0.9071, -0.004, 0.0667, 13.5006
07147070, 1.5645, 0.8052, 0.0304, 0.0514, 13.4438
07147800, 1.5141, 0.7992, 0.0275, 0.0475, 13.6474
07152000, 1.8181, 0.8511, 0.022, 0.0485, 14.4269
07163000, 1.469, 0.832, -0.0138, 0.0347, 15.4563
07172000, 1.4477, 0.76, 0.0541, 0.0419, 14.22
07177500, 1.328, 0.7659, 0.0226, 0.0321, 15.2142
07183000, 1.424, 0.7862, 0.0231, 0.0517, 12.9449
07186000, 1.0144, 0.7373, -0.0384, 0.05, 13.6947
07196500, 0.9226, 0.7038, -0.0391, 0.0331, 14.6095
07197000, 0.9034, 0.6884, -0.0316, 0.0274, 14.9737
07211500, 2.9758, 0.9815, -0.025, 0.1454, 8.3117
07221000, 2.5035, 0.9659, -0.032, 0.1518, 8.1083
07222500, 3.9635, 0.9846, -0.0044, 0.0701, 12.08
07243500, 1.3953, 0.828, -0.0247, 0.0278, 16.0034
07252000, 0.7436, 0.6051, -0.0216, 0.0276, 14.4464
07261000, 0.7534, 0.5586, 0.0299, 0.0298, 15.3637
07288500, 0.8307, 0.5631, 0.0624, 0.0189, 17.161
07289500, 0.7639, 0.685, -0.0912, 0.017, 16.8204
07290000, 0.768, 0.652, -0.0562, 0.0131, 17.233
07307800, 3.3139, 0.9866, -0.0194, 0.0368, 15.9673
07340000, 0.8445, 0.6051, 0.0267, 0.02, 16.2402
07346000, 1.0731, 0.7582, -0.0395, 0.0164, 17.9595
07346050, 1.1149, 0.772, -0.0401, 0.0186, 17.794
07346070, 1.0785, 0.7562, -0.0358, 0.0172, 17.9417
07348000, 1.0235, 0.7663, -0.0642, 0.0157, 17.9687
07363500, 0.7202, 0.6734, -0.1021, 0.0205, 16.7289
07375500, 0.6871, 0.5976, -0.0442, 0.0032, 18.9823
07378000, 0.6966, 0.6387, -0.0801, 0.0039, 19.1186
07378500, 0.6817, 0.6481, -0.0977, 0.0038, 18.8797
08013500, 0.7325, 0.6592, -0.0814, 0.005, 18.9747
08015500, 0.7311, 0.66, -0.083, 0.0048, 19.0782
08032000, 1.242, 0.8006, -0.0331, 0.0152, 18.4241
08033500, 1.1392, 0.8062, -0.0671, 0.0091, 18.8246
08055500, 1.6263, 0.8695, -0.0237, 0.02, 17.7307
08085500, 2.7839, 0.9721, -0.0235, 0.0196, 17.924
08095000, 1.915, 0.9078, -0.0231, 0.0164, 18.2777
08103800, 2.1192, 0.9068, -0.0013, 0.0127, 18.1655
08146000, 2.6959, 0.9656, -0.0211, 0.0094, 18.256
08150000, 2.8469, 0.9377, 0.0136, 0.0068, 18.3536
08150700, 2.656, 0.9417, 0.0008, 0.0062, 18.3759
08167500, 1.9801, 0.8651, 0.0267, 0.0063, 18.2548
08171000, 1.7817, 0.8249, 0.0435, 0.0074, 18.8665
08171300, 1.7656, 0.8363, 0.0299, 0.0074, 18.9652
08172000, 1.717, 0.8043, 0.0551, 0.0064, 19.4785
08189500, 1.5935, 0.9246, -0.0841, 0.0009, 21.4932
08205500, 2.2534, 0.9794, -0.0626, 0.0023, 20.0676
08340500, 4.9729, 0.9794, 0.0105, 0.1268, 9.6188
09127998, 2.0237, nan, nan, 0.4953, 3.1967
09132500, 1.5142, 0.5481, 0.2786, 0.5031, 4.2059
09251000, 1.6683, 0.7503, 0.102, 0.4726, 4.5757
09292500, 1.4267, 0.4933, 0.3165, 0.6153, 0.755
09299500, 1.3599, 0.5338, 0.2619, 0.589, 0.8934
09430500, 2.2414, 0.9416, -0.0257, 0.0985, 10.0316
09431500, 2.729, 0.9358, 0.0103, 0.0694, 10.9904
09442692, 2.8033, 0.9721, -0.0226, 0.1186, 9.1385
09444500, 2.2986, 0.9431, -0.0228, 0.101, 10.2559
09497500, 2.3032, 0.8364, 0.0842, 0.1347, 9.8862
10296000, 1.2311, 0.3745, 0.3902, 0.6709, 4.5363
10296500, 1.3589, 0.4606, 0.3348, 0.6373, 4.7031
10301500, 2.8705, 0.9374, 0.0149, 0.3567, 7.5986
10309000, 1.2359, 0.5781, 0.1878, 0.5247, 6.1076
10312000, 2.1176, 0.8086, 0.0967, 0.3331, 8.0684
11025500, 2.6954, 0.9344, 0.0101, 0.0036, 14.7462
11080500, 1.8734, 0.6664, 0.2135, 0.0873, 11.9039
11138500, 2.9058, 0.8618, 0.092, 0.0055, 12.6369
11160000, nan, 0.6489, nan, 0.0, 14.0044
11210500, 1.324, 0.5708, 0.2168, 0.2836, 9.1013
11213500, 1.2365, 0.3565, 0.4096, 0.8055, 4.0823
11222000, 1.4507, 0.3842, 0.4304, 0.4767, 6.8356
11224500, 4.0842, 0.9456, 0.0362, 0.0008, 15.0672
11281000, 0.9623, 0.5909, 0.0891, 0.1312, 11.0714
11342000, 0.5792, 0.3988, 0.0901, 0.0886, 11.027
11355500, 0.9053, 0.7501, -0.0925, 0.3399, 6.9722
11401500, 1.4083, 0.6907, 0.1154, 0.2338, 8.8138
11403000, 1.2957, 0.6056, 0.1753, 0.2199, 9.0978
11413000, 0.6899, 0.367, 0.1879, 0.1658, 10.0601
11427000, 0.777, 0.4316, 0.1687, 0.1192, 10.8645
11497500, 1.7719, 0.6187, 0.2484, 0.3216, 6.7376
11501000, 1.747, 0.7213, 0.1424, 0.3282, 6.7062
11530000, 0.7206, 0.5401, 0.0314, 0.0514, 11.6269
11532500, 0.2716, 0.1984, 0.0556, 0.0157, 11.0379
12027500, 0.3792, 0.277, 0.0671, 0.0213, 10.3203
12098500, 0.3513, 0.3269, -0.0054, 0.3703, 5.4375
12134500, 0.2476, 0.0222, 0.2107, 0.3282, 6.1899
12144500, 0.2634, 0.0083, 0.2386, 0.2103, 6.8467
12149000, 0.2773, 0.0988, 0.1601, 0.1101, 7.9519
12340000, 1.18, 0.6258, 0.1251, 0.4224, 4.5918
12358500, 0.6754, 0.2063, 0.3406, 0.5321, 3.0651
12413000, 0.6578, 0.3586, 0.1782, 0.318, 6.7309
12413500, 0.6442, 0.3605, 0.1684, 0.3107, 6.8533
12449500, 0.7769, 0.5405, 0.0597, 0.5863, 4.7864
12449950, 0.8342, 0.6347, -0.0076, 0.5465, 5.5764
12459000, 0.4207, 0.315, 0.0618, 0.5521, 5.6806
12462500, 0.468, 0.4049, 0.0075, 0.528, 6.0471
13186000, 1.0026, 0.4627, 0.2321, 0.5855, 4.4532
13200000, 0.9351, 0.7081, -0.0385, 0.3597, 7.4842
13298500, 0.9919, 0.5994, 0.0916, 0.6006, 2.5685
13302500, 1.4885, 0.6599, 0.162, 0.4585, 3.4897
13336500, 0.7764, 0.2953, 0.3047, 0.4752, 4.2779
13337000, 0.6003, 0.3229, 0.1793, 0.5157, 4.4175
13340500, 0.5226, 0.3174, 0.1339, 0.5412, 4.8809
13340600, 0.5482, 0.3723, 0.0963, 0.5195, 5.0787
13351000, 1.9003, 0.8549, 0.0282, 0.1679, 8.8318
14080500, 2.553, 0.8693, 0.0676, 0.2721, 6.9868
14101500, 0.9934, 0.5453, 0.1461, 0.2523, 8.2597
14113000, 0.8961, 0.4905, 0.1634, 0.3314, 7.3883
14232500, 0.3324, 0.2976, 0.0083, 0.3107, 7.2584
14233400, 0.3377, 0.196, 0.1142, 0.2673, 7.1153
14308000, 0.6224, 0.3768, 0.139, 0.0889, 9.5315
14321000, 0.5977, 0.4286, 0.072, 0.0364, 10.5829
14359000, 0.8076, 0.5156, 0.0993, 0.1605, 8.7631
